./scf.x geometry/h2o.xyz basis/6311.basis
Preparing...

Loading basis:      █▒▒▒▒▒▒▒▒▒▒▒▒▒▒▒▒▒▒▒▒▒▒▒▒▒▒▒▒▒ 0%Loading basis:      ████████████████████▒▒▒▒▒▒▒▒▒▒ 66%Loading basis:      ██████████████████████████████ 100%
ERI calculation:    ██▒▒▒▒▒▒▒▒▒▒▒▒▒▒▒▒▒▒▒▒▒▒▒▒▒▒▒▒ 5%ERI calculation:    ████▒▒▒▒▒▒▒▒▒▒▒▒▒▒▒▒▒▒▒▒▒▒▒▒▒▒ 10%ERI calculation:    █████▒▒▒▒▒▒▒▒▒▒▒▒▒▒▒▒▒▒▒▒▒▒▒▒▒ 15%ERI calculation:    ███████▒▒▒▒▒▒▒▒▒▒▒▒▒▒▒▒▒▒▒▒▒▒▒ 21%ERI calculation:    ████████▒▒▒▒▒▒▒▒▒▒▒▒▒▒▒▒▒▒▒▒▒▒ 26%ERI calculation:    ██████████▒▒▒▒▒▒▒▒▒▒▒▒▒▒▒▒▒▒▒▒ 31%ERI calculation:    ███████████▒▒▒▒▒▒▒▒▒▒▒▒▒▒▒▒▒▒▒ 36%ERI calculation:    █████████████▒▒▒▒▒▒▒▒▒▒▒▒▒▒▒▒▒ 42%ERI calculation:    ███████████████▒▒▒▒▒▒▒▒▒▒▒▒▒▒▒ 47%ERI calculation:    ████████████████▒▒▒▒▒▒▒▒▒▒▒▒▒▒ 52%ERI calculation:    ██████████████████▒▒▒▒▒▒▒▒▒▒▒▒ 57%ERI calculation:    ███████████████████▒▒▒▒▒▒▒▒▒▒▒ 63%ERI calculation:    █████████████████████▒▒▒▒▒▒▒▒▒ 68%ERI calculation:    ██████████████████████▒▒▒▒▒▒▒▒ 73%ERI calculation:    ████████████████████████▒▒▒▒▒▒ 78%ERI calculation:    ██████████████████████████▒▒▒▒ 84%ERI calculation:    ███████████████████████████▒▒▒ 89%ERI calculation:    █████████████████████████████▒ 94%ERI calculation:    ██████████████████████████████ 100%

Fock matrix: 
-11.26 -16.49 -6.453 -2.812 -1.295e-17 -0.02099 -0.02968 8.896e-18 -0.00868 -0.01227 -3.609e-17 -0.002522 -0.003566 -0.2115 -1.146 -1.039 -0.2111 -1.146 -1.038 
-16.49 -10.61 -5.427 -2.514 -1.158e-17 -0.02344 -0.03314 2.307e-17 -0.006561 -0.009277 -2.726e-17 -0.001747 -0.002471 -0.2139 -1.04 -0.9424 -0.2136 -1.039 -0.9423 
-6.453 -5.427 -1.478 -0.9219 3.355e-17 -0.05968 -0.08439 3.32e-17 -0.1104 -0.1561 3.234e-17 -0.0679 -0.096 -0.2854 -0.5138 -0.4703 -0.2852 -0.5136 -0.4702 
-2.812 -2.514 -0.9219 -0.2881 -3.055e-17 -0.03709 -0.05244 -3.407e-17 -0.1234 -0.1744 -1.334e-17 -0.1394 -0.1971 -0.203 -0.235 -0.1802 -0.203 -0.2349 -0.1801 
-1.295e-17 -1.158e-17 3.355e-17 -3.055e-17 4.776 3.299e-17 -1.859e-16 0.6295 -3.438e-17 -2.302e-17 -0.2172 1.009e-17 -1.528e-17 -6.137e-17 -4.886e-17 -5.066e-17 -2.753e-17 -1.797e-17 -2.523e-17 
-0.02099 -0.02344 -0.05968 -0.03709 3.299e-17 4.748 0.005775 1.171e-16 0.588 0.009222 3.229e-17 -0.2372 0.004577 0.06863 0.03242 0.00325 -0.2391 -0.1692 -0.07549 
-0.02968 -0.03314 -0.08439 -0.05244 -1.859e-16 0.005775 4.752 4.459e-17 0.009222 0.5944 9.561e-17 0.004577 -0.234 -0.2295 -0.168 -0.07892 -0.01162 -0.02532 -0.02319 
8.896e-18 2.307e-17 3.32e-17 -3.407e-17 0.6295 1.171e-16 4.459e-17 1.816 3.895e-17 9.527e-17 0.5563 3.122e-17 2.83e-17 -3.127e-17 -2.459e-17 -3.931e-17 -8.474e-18 -4.545e-18 -2.119e-17 
-0.00868 -0.006561 -0.1104 -0.1234 -3.438e-17 0.588 0.009222 3.895e-17 1.672 0.0317 4.962e-18 0.4347 0.02672 0.01031 -0.07512 -0.05998 -0.06538 0.0649 -0.05048 
-0.01227 -0.009277 -0.1561 -0.1744 -2.302e-17 0.009222 0.5944 9.527e-17 0.0317 1.694 9.146e-17 0.02672 0.4535 -0.06554 0.0423 -0.07474 -0.01208 -0.05676 -0.08144 
-3.609e-17 -2.726e-17 3.234e-17 -1.334e-17 -0.2172 3.229e-17 9.561e-17 0.5563 4.962e-18 9.146e-17 0.7371 6.842e-18 2.874e-17 -4.684e-19 -3.097e-19 -1.96e-17 -2.128e-18 -4.468e-18 -1.599e-17 
-0.002522 -0.001747 -0.0679 -0.1394 1.009e-17 -0.2372 0.004577 3.122e-17 0.4347 0.02672 6.842e-18 0.5452 0.04197 0.006141 -0.09742 -0.1062 -0.05186 0.1181 -0.02176 
-0.003566 -0.002471 -0.096 -0.1971 -1.528e-17 0.004577 -0.234 2.83e-17 0.02672 0.4535 2.874e-17 0.04197 0.5748 -0.05275 0.09089 -0.06054 -0.01175 -0.06162 -0.1203 
-0.2115 -0.2139 -0.2854 -0.203 -6.137e-17 0.06863 -0.2295 -3.127e-17 0.01031 -0.06554 -4.684e-19 0.006141 -0.05275 0.8736 -0.1 -0.2109 -0.03511 -0.1114 -0.1296 
-1.146 -1.04 -0.5138 -0.235 -4.886e-17 0.03242 -0.168 -2.459e-17 -0.07512 0.0423 -3.097e-19 -0.09742 0.09089 -0.1 -0.00732 -0.1212 -0.1114 -0.1762 -0.1476 
-1.039 -0.9424 -0.4703 -0.1802 -5.066e-17 0.00325 -0.07892 -3.931e-17 -0.05998 -0.07474 -1.96e-17 -0.1062 -0.06054 -0.2109 -0.1212 -0.05744 -0.1296 -0.1476 -0.0983 
-0.2111 -0.2136 -0.2852 -0.203 -2.753e-17 -0.2391 -0.01162 -8.474e-18 -0.06538 -0.01208 -2.128e-18 -0.05186 -0.01175 -0.03511 -0.1114 -0.1296 0.8735 -0.1 -0.2109 
-1.146 -1.039 -0.5136 -0.2349 -1.797e-17 -0.1692 -0.02532 -4.545e-18 0.0649 -0.05676 -4.468e-18 0.1181 -0.06162 -0.1114 -0.1762 -0.1476 -0.1 -0.007282 -0.1212 
-1.038 -0.9423 -0.4702 -0.1801 -2.523e-17 -0.07549 -0.02319 -2.119e-17 -0.05048 -0.08144 -1.599e-17 -0.02176 -0.1203 -0.1296 -0.1476 -0.0983 -0.2109 -0.1212 -0.05745 
#1   -61.8921487675    
Fock matrix: 
-22.01 -25.95 -9.561 -4.137 -1.188e-16 0.02375 0.03358 -1.771e-16 0.01026 0.0145 -1.851e-16 0.003797 0.005369 -0.2977 -1.676 -1.52 -0.2973 -1.676 -1.52 
-25.95 -20.85 -9.019 -3.982 -1.034e-16 0.02779 0.03928 -1.776e-16 0.007541 0.01066 -1.864e-16 0.002249 0.00318 -0.2952 -1.62 -1.468 -0.2947 -1.619 -1.468 
-9.561 -9.019 -6.361 -3.996 -9.44e-18 0.02194 0.03092 -8.104e-17 -0.006368 -0.009175 -1.727e-16 -0.05044 -0.07141 -0.8245 -1.942 -1.784 -0.8238 -1.941 -1.784 
-4.137 -3.982 -3.996 -3.04 -2.691e-17 -0.01039 -0.01475 -7.236e-17 -0.03695 -0.0524 -1.314e-16 -0.05509 -0.078 -0.8784 -1.648 -1.602 -0.8779 -1.648 -1.602 
-1.188e-16 -1.034e-16 -9.44e-18 -2.691e-17 -1.604 8.672e-19 -3.283e-18 -2.329 7.912e-18 -1.624e-17 -1.033 1.831e-17 -2.986e-17 -4.024e-17 -4.862e-17 -3.928e-17 4.472e-18 -1.613e-18 -1.274e-17 
0.02375 0.02779 0.02194 -0.01039 8.672e-19 -1.629 0.007119 1.283e-17 -2.389 0.01837 2.343e-17 -1.101 0.02216 0.1656 0.1817 0.05209 -0.5379 -0.5999 -0.2015 
0.03358 0.03928 0.03092 -0.01475 -3.283e-18 0.007119 -1.624 -3.008e-17 0.01837 -2.376 -5.225e-17 0.02217 -1.085 -0.5124 -0.5722 -0.1953 -0.0143 -0.01901 -0.01586 
-1.771e-16 -1.776e-16 -8.104e-17 -7.236e-17 -2.329 1.283e-17 -3.008e-17 -1.798 2.898e-17 -6.11e-17 -1.215 5.132e-17 -8.492e-17 -1.326e-16 -1.333e-16 -7.173e-17 1.922e-17 4.215e-18 -1.537e-17 
0.01026 0.007541 -0.006368 -0.03695 7.912e-18 -2.389 0.01837 2.898e-17 -1.964 0.04792 5.566e-17 -1.422 0.06187 0.2933 0.2795 0.08743 -0.919 -0.8983 -0.3612 
0.0145 0.01066 -0.009175 -0.0524 -1.624e-17 0.01837 -2.376 -6.11e-17 0.04792 -1.931 -1.123e-16 0.06187 -1.378 -0.8715 -0.8542 -0.3523 -0.01333 -0.02056 -0.03478 
-1.851e-16 -1.864e-16 -1.727e-16 -1.314e-16 -1.033 2.343e-17 -5.225e-17 -1.215 5.566e-17 -1.123e-16 -0.844 8.122e-17 -1.335e-16 -2.204e-16 -2.135e-16 -8.761e-17 3.222e-17 5.73e-18 -1.127e-17 
0.003797 0.002249 -0.05044 -0.05509 1.831e-17 -1.101 0.02217 5.132e-17 -1.422 0.06187 8.122e-17 -1.132 0.0868 0.2819 0.2547 0.1084 -0.8503 -0.7733 -0.3708 
0.005369 0.00318 -0.07141 -0.078 -2.986e-17 0.02216 -1.085 -8.492e-17 0.06187 -1.378 -1.335e-16 0.0868 -1.07 -0.8025 -0.7302 -0.355 -0.001066 -0.002795 -0.01595 
-0.2977 -0.2952 -0.8245 -0.8784 -4.024e-17 0.1656 -0.5124 -1.326e-16 0.2933 -0.8715 -2.204e-16 0.2819 -0.8025 -0.3916 -1.185 -0.822 -0.03157 -0.2864 -0.4458 
-1.676 -1.62 -1.942 -1.648 -4.862e-17 0.1817 -0.5722 -1.333e-16 0.2795 -0.8542 -2.135e-16 0.2547 -0.7302 -1.185 -1.415 -1.152 -0.2863 -0.7274 -0.8387 
-1.52 -1.468 -1.784 -1.602 -3.928e-17 0.05209 -0.1953 -7.173e-17 0.08743 -0.3523 -8.761e-17 0.1084 -0.355 -0.822 -1.152 -1.051 -0.4457 -0.8386 -0.9057 
-0.2973 -0.2947 -0.8238 -0.8779 4.472e-18 -0.5379 -0.0143 1.922e-17 -0.919 -0.01333 3.222e-17 -0.8503 -0.001066 -0.03157 -0.2863 -0.4457 -0.3908 -1.185 -0.8217 
-1.676 -1.619 -1.941 -1.648 -1.613e-18 -0.5999 -0.01901 4.215e-18 -0.8983 -0.02056 5.73e-18 -0.7733 -0.002795 -0.2864 -0.7274 -0.8386 -1.185 -1.414 -1.152 
-1.52 -1.468 -1.784 -1.602 -1.274e-17 -0.2015 -0.01586 -1.537e-17 -0.3612 -0.03478 -1.127e-17 -0.3708 -0.01595 -0.4458 -0.8387 -0.9057 -0.8217 -1.152 -1.051 
#2   -67.4812863082    
Fock matrix: 
-14.22 -19.05 -7.204 -3.131 -5.827e-16 -0.02481 -0.03509 -2.462e-16 -0.01097 -0.01552 -1.441e-16 -0.003613 -0.005109 -0.2348 -1.276 -1.156 -0.2344 -1.276 -1.156 
-19.05 -13.32 -6.295 -2.873 -4.196e-16 -0.02718 -0.03843 -1.479e-16 -0.007484 -0.01058 -1.027e-16 -0.002414 -0.003413 -0.2376 -1.184 -1.073 -0.2372 -1.183 -1.073 
-7.204 -6.295 -2.456 -1.561 -4.652e-17 -0.05295 -0.07486 3.219e-17 -0.1015 -0.1435 2.367e-17 -0.07143 -0.101 -0.417 -0.8253 -0.7623 -0.4168 -0.825 -0.7621 
-3.131 -2.873 -1.561 -0.7847 -6.834e-17 -0.03802 -0.05375 -3.428e-17 -0.1243 -0.1757 -1.028e-17 -0.1453 -0.2053 -0.3267 -0.4902 -0.4211 -0.3266 -0.4901 -0.4211 
-5.827e-16 -4.196e-16 -4.652e-17 -6.834e-17 3.478 -8.547e-17 9.055e-17 -0.04613 -3.653e-17 2.799e-17 -0.4869 2.433e-17 -5e-17 -1.804e-16 -1.174e-16 -4.611e-17 -2.586e-17 -3.386e-17 -3.075e-17 
-0.02481 -0.02718 -0.05295 -0.03802 -8.547e-17 3.509 -0.01261 -1.629e-17 -0.05716 -0.0003972 4.072e-17 -0.5134 0.006665 0.1115 0.07989 0.01803 -0.3789 -0.3268 -0.1327 
-0.03509 -0.03843 -0.07486 -0.05375 9.055e-17 -0.01261 3.5 2.295e-16 -0.0003958 -0.05746 2.192e-16 0.006668 -0.5087 -0.3627 -0.3184 -0.1343 -0.01546 -0.03058 -0.02768 
-2.462e-16 -1.479e-16 3.219e-17 -3.428e-17 -0.04613 -1.629e-17 2.295e-16 1.081 2.288e-17 1.483e-16 0.193 5.289e-17 1.047e-17 -1.435e-16 -7.197e-17 -2.034e-17 -3.519e-18 -6.436e-19 -9.739e-18 
-0.01097 -0.007484 -0.1015 -0.1243 -3.653e-17 -0.05716 -0.0003958 2.288e-17 0.943 0.03018 6.022e-17 0.05139 0.03323 0.07406 -0.007558 -0.03822 -0.2698 -0.1539 -0.1305 
-0.01552 -0.01058 -0.1435 -0.1757 2.799e-17 -0.0003972 -0.05746 1.483e-16 0.03018 0.9642 1.801e-16 0.03324 0.07478 -0.2599 -0.1659 -0.152 -0.01662 -0.0623 -0.08661 
-1.441e-16 -1.027e-16 2.367e-17 -1.028e-17 -0.4869 4.072e-17 2.192e-16 0.193 6.022e-17 1.801e-16 0.5303 5.107e-17 5.508e-17 -4.287e-17 -7.916e-18 -1.529e-19 1.871e-17 1.946e-17 1.978e-18 
-0.003613 -0.002414 -0.07143 -0.1453 2.433e-17 -0.5134 0.006668 5.289e-17 0.05139 0.03324 5.107e-17 0.3184 0.04868 0.04459 -0.05875 -0.094 -0.1761 -0.01295 -0.07124 
-0.005109 -0.003413 -0.101 -0.2053 -5e-17 0.006665 -0.5087 1.047e-17 0.03323 0.07478 5.508e-17 0.04868 0.3528 -0.171 -0.03443 -0.1087 -0.01482 -0.06684 -0.1248 
-0.2348 -0.2376 -0.417 -0.3267 -1.804e-16 0.1115 -0.3627 -1.435e-16 0.07406 -0.2599 -4.287e-17 0.04459 -0.171 0.7472 -0.2466 -0.301 -0.04423 -0.1536 -0.1851 
-1.276 -1.184 -0.8253 -0.4902 -1.174e-16 0.07989 -0.3184 -7.197e-17 -0.007558 -0.1659 -7.916e-18 -0.05875 -0.03443 -0.2466 -0.216 -0.2724 -0.1535 -0.286 -0.2652 
-1.156 -1.073 -0.7623 -0.4211 -4.611e-17 0.01803 -0.1343 -2.034e-17 -0.03822 -0.152 -1.529e-19 -0.094 -0.1087 -0.301 -0.2724 -0.1842 -0.185 -0.2651 -0.2137 
-0.2344 -0.2372 -0.4168 -0.3266 -2.586e-17 -0.3789 -0.01546 -3.519e-18 -0.2698 -0.01662 1.871e-17 -0.1761 -0.01482 -0.04423 -0.1535 -0.185 0.7472 -0.2465 -0.301 
-1.276 -1.183 -0.825 -0.4901 -3.386e-17 -0.3268 -0.03058 -6.436e-19 -0.1539 -0.0623 1.946e-17 -0.01295 -0.06684 -0.1536 -0.286 -0.2651 -0.2465 -0.2159 -0.2724 
-1.156 -1.073 -0.7621 -0.4211 -3.075e-17 -0.1327 -0.02768 -9.739e-18 -0.1305 -0.08661 1.978e-18 -0.07124 -0.1248 -0.1851 -0.2652 -0.2137 -0.301 -0.2724 -0.1842 
#3   -72.032401504     
Fock matrix: 
-21.16 -25.2 -9.267 -4.007 -1.022e-16 0.02243 0.03169 -1.177e-16 0.008131 0.01149 -1.431e-16 0.001816 0.002565 -0.2904 -1.625 -1.473 -0.29 -1.625 -1.473 
-25.2 -20.02 -8.689 -3.845 -8.541e-17 0.0254 0.03589 -1.183e-16 0.004924 0.006955 -1.439e-16 0.000109 0.0001533 -0.2901 -1.568 -1.419 -0.2897 -1.567 -1.419 
-9.267 -8.689 -6.022 -3.823 -3.492e-17 -0.002372 -0.003423 -5.27e-17 -0.03476 -0.04925 -8.232e-17 -0.04883 -0.06907 -0.802 -1.857 -1.706 -0.8013 -1.857 -1.705 
-4.007 -3.845 -3.823 -2.871 -2.539e-17 -0.02959 -0.04186 -1.739e-17 -0.06394 -0.09049 -2.597e-17 -0.06612 -0.09351 -0.8298 -1.551 -1.501 -0.8294 -1.55 -1.501 
-1.022e-16 -8.541e-17 -3.492e-17 -2.539e-17 -0.9327 4.093e-17 -2.49e-17 -1.99 6.447e-17 -3.569e-17 -0.9389 6.478e-17 -2.197e-17 -4.519e-17 -3.719e-17 4.11e-19 4.176e-17 3.979e-17 2.567e-17 
0.02243 0.0254 -0.002372 -0.02959 4.093e-17 -1.034 0.05208 5.829e-17 -2.148 0.07967 6.297e-17 -1.074 0.06662 0.1994 0.1977 0.0458 -0.5565 -0.6048 -0.2148 
0.03169 0.03589 -0.003423 -0.04186 -2.49e-17 0.05208 -0.9969 -3.781e-17 0.07968 -2.092 -4.476e-17 0.06662 -1.027 -0.5202 -0.5717 -0.2116 0.015 -0.00374 -0.02722 
-1.177e-16 -1.183e-16 -5.27e-17 -1.739e-17 -1.99 5.829e-17 -3.781e-17 -1.395 8.715e-17 -5.269e-17 -1.021 1.038e-16 -4.538e-17 -7.67e-17 -6.259e-17 -3.729e-18 7.423e-17 7.943e-17 5.808e-17 
0.008131 0.004924 -0.03476 -0.06394 6.447e-17 -2.148 0.07968 8.715e-17 -1.689 0.1288 1.043e-16 -1.308 0.1184 0.3212 0.2816 0.06772 -0.8842 -0.8533 -0.3626 
0.01149 0.006955 -0.04925 -0.09049 -3.569e-17 0.07967 -2.092 -5.269e-17 0.1288 -1.598 -7.185e-17 0.1184 -1.225 -0.8247 -0.8056 -0.3607 0.02852 -0.002433 -0.05613 
-1.431e-16 -1.439e-16 -8.232e-17 -2.597e-17 -0.9389 6.297e-17 -4.476e-17 -1.021 1.043e-16 -7.185e-17 -0.6645 1.226e-16 -7.144e-17 -1.027e-16 -9.51e-17 -2.53e-17 9.15e-17 9.407e-17 6.64e-17 
0.001816 0.000109 -0.04883 -0.06612 6.478e-17 -1.074 0.06662 1.038e-16 -1.308 0.1184 1.226e-16 -1.003 0.1196 0.2901 0.2421 0.07688 -0.7863 -0.7075 -0.3637 
0.002565 0.0001533 -0.06907 -0.09351 -2.197e-17 0.06662 -1.027 -4.538e-17 0.1184 -1.225 -7.144e-17 0.1196 -0.9185 -0.7317 -0.6648 -0.3585 0.03021 0.007139 -0.04679 
-0.2904 -0.2901 -0.802 -0.8298 -4.519e-17 0.1994 -0.5202 -7.67e-17 0.3212 -0.8247 -1.027e-16 0.2901 -0.7317 -0.2592 -1.075 -0.7814 -0.01632 -0.2625 -0.4253 
-1.625 -1.568 -1.857 -1.551 -3.719e-17 0.1977 -0.5717 -6.259e-17 0.2816 -0.8056 -9.51e-17 0.2421 -0.6648 -1.075 -1.299 -1.091 -0.2625 -0.6824 -0.7955 
-1.473 -1.419 -1.706 -1.501 4.11e-19 0.0458 -0.2116 -3.729e-18 0.06772 -0.3607 -2.53e-17 0.07688 -0.3585 -0.7814 -1.091 -0.9904 -0.4252 -0.7953 -0.852 
-0.29 -0.2897 -0.8013 -0.8294 4.176e-17 -0.5565 0.015 7.423e-17 -0.8842 0.02852 9.15e-17 -0.7863 0.03021 -0.01632 -0.2625 -0.4252 -0.2585 -1.075 -0.7811 
-1.625 -1.567 -1.857 -1.55 3.979e-17 -0.6048 -0.00374 7.943e-17 -0.8533 -0.002433 9.407e-17 -0.7075 0.007139 -0.2625 -0.6824 -0.7953 -1.075 -1.298 -1.09 
-1.473 -1.419 -1.705 -1.501 2.567e-17 -0.2148 -0.02722 5.808e-17 -0.3626 -0.05613 6.64e-17 -0.3637 -0.04679 -0.4253 -0.7955 -0.852 -0.7811 -1.09 -0.9902 
#4   -70.473441531     
Fock matrix: 
-14.76 -19.51 -7.345 -3.191 -3.69e-16 -0.02414 -0.03413 -2.087e-16 -0.01078 -0.01524 -1.631e-16 -0.003719 -0.005258 -0.2393 -1.301 -1.178 -0.2389 -1.3 -1.178 
-19.51 -13.82 -6.459 -2.94 -2.347e-16 -0.02641 -0.03734 -1.172e-16 -0.00723 -0.01022 -1.251e-16 -0.002336 -0.003303 -0.2417 -1.211 -1.098 -0.2414 -1.21 -1.098 
-7.345 -6.459 -2.657 -1.691 1.179e-17 -0.05068 -0.07166 -4.984e-18 -0.09748 -0.1378 -8.364e-17 -0.06714 -0.09493 -0.4378 -0.8834 -0.8189 -0.4375 -0.883 -0.8187 
-3.191 -2.94 -1.691 -0.8908 1.318e-17 -0.03732 -0.05276 -2.093e-17 -0.1219 -0.1723 -7.643e-17 -0.1414 -0.1999 -0.3495 -0.5411 -0.472 -0.3493 -0.5409 -0.4719 
-3.69e-16 -2.347e-16 1.179e-17 1.318e-17 3.214 -9.985e-18 5.026e-17 -0.173 -2.644e-17 5.503e-17 -0.5386 -6.195e-18 -6.208e-18 -5.602e-17 -3.632e-17 -8.361e-18 1.016e-17 -1.331e-18 5.066e-20 
-0.02414 -0.02641 -0.05068 -0.03732 -9.985e-18 3.264 -0.02221 6.203e-18 -0.1683 -0.007126 1.695e-17 -0.5597 0.004632 0.1193 0.08722 0.01946 -0.4015 -0.3532 -0.1435 
-0.03413 -0.03734 -0.07166 -0.05276 5.026e-17 -0.02221 3.249 9.094e-17 -0.007125 -0.1734 1.1e-16 0.004634 -0.5564 -0.3839 -0.3438 -0.1453 -0.01512 -0.0321 -0.02999 
-2.087e-16 -1.172e-16 -4.984e-18 -2.093e-17 -0.173 6.203e-18 9.094e-17 0.9316 -7.176e-18 8.737e-17 0.1092 4.188e-18 9.034e-18 -5.889e-17 -4.919e-17 -2.468e-17 7.169e-18 -1.361e-17 -1.64e-17 
-0.01078 -0.00723 -0.09748 -0.1219 -2.644e-17 -0.1683 -0.007125 -7.176e-18 0.8034 0.02698 1.058e-17 -0.03178 0.03383 0.09029 0.008363 -0.03317 -0.3142 -0.2007 -0.1489 
-0.01524 -0.01022 -0.1378 -0.1723 5.503e-17 -0.007126 -0.1734 8.737e-17 0.02698 0.8224 1.115e-16 0.03384 -0.007958 -0.3013 -0.2099 -0.1696 -0.01508 -0.06192 -0.08772 
-1.631e-16 -1.251e-16 -8.364e-17 -7.643e-17 -0.5386 1.695e-17 1.1e-16 0.1092 1.058e-17 1.115e-16 0.4721 9.579e-18 3.691e-17 -2.838e-17 -4.27e-17 -4.034e-17 -6.346e-18 -3.554e-17 -3.977e-17 
-0.003719 -0.002336 -0.06714 -0.1414 -6.195e-18 -0.5597 0.004634 4.188e-18 -0.03178 0.03384 9.579e-18 0.2572 0.05082 0.05799 -0.04498 -0.08808 -0.2091 -0.04605 -0.08358 
-0.005258 -0.003303 -0.09493 -0.1999 -6.208e-18 0.004632 -0.5564 9.034e-18 0.03383 -0.007958 3.691e-17 0.05082 0.2931 -0.2013 -0.06467 -0.1197 -0.01226 -0.06391 -0.1229 
-0.2393 -0.2417 -0.4378 -0.3495 -5.602e-17 0.1193 -0.3839 -5.889e-17 0.09029 -0.3013 -2.838e-17 0.05799 -0.2013 0.7129 -0.2818 -0.3217 -0.04108 -0.1572 -0.1947 
-1.301 -1.211 -0.8834 -0.5411 -3.632e-17 0.08722 -0.3438 -4.919e-17 0.008363 -0.2099 -4.27e-17 -0.04498 -0.06467 -0.2818 -0.2624 -0.3055 -0.1572 -0.3038 -0.288 
-1.178 -1.098 -0.8189 -0.472 -8.361e-18 0.01946 -0.1453 -2.468e-17 -0.03317 -0.1696 -4.034e-17 -0.08808 -0.1197 -0.3217 -0.3055 -0.2122 -0.1946 -0.2879 -0.238 
-0.2389 -0.2414 -0.4375 -0.3493 1.016e-17 -0.4015 -0.01512 7.169e-18 -0.3142 -0.01508 -6.346e-18 -0.2091 -0.01226 -0.04108 -0.1572 -0.1946 0.7129 -0.2817 -0.3216 
-1.3 -1.21 -0.883 -0.5409 -1.331e-18 -0.3532 -0.0321 -1.361e-17 -0.2007 -0.06192 -3.554e-17 -0.04605 -0.06391 -0.1572 -0.3038 -0.2879 -0.2817 -0.2622 -0.3054 
-1.178 -1.098 -0.8187 -0.4719 5.066e-20 -0.1435 -0.02999 -1.64e-17 -0.1489 -0.08772 -3.977e-17 -0.08358 -0.1229 -0.1947 -0.288 -0.238 -0.3216 -0.3054 -0.2122 
#5   -73.1650520774    
DIIS coefs:  1 -0 -0 -0 -0 -1
#6   -46.0475470954    
DIIS coefs:  1 0 0 0 0 -1
