./scf.x geometry/h2o.xyz basis/6311.basis
Preparing...

Loading basis:      █▒▒▒▒▒▒▒▒▒▒▒▒▒▒▒▒▒▒▒▒▒▒▒▒▒▒▒▒▒ 0%Loading basis:      ████████████████████▒▒▒▒▒▒▒▒▒▒ 66%Loading basis:      ██████████████████████████████ 100%
ERI calculation:    ██▒▒▒▒▒▒▒▒▒▒▒▒▒▒▒▒▒▒▒▒▒▒▒▒▒▒▒▒ 5%ERI calculation:    ████▒▒▒▒▒▒▒▒▒▒▒▒▒▒▒▒▒▒▒▒▒▒▒▒▒▒ 10%ERI calculation:    █████▒▒▒▒▒▒▒▒▒▒▒▒▒▒▒▒▒▒▒▒▒▒▒▒▒ 15%ERI calculation:    ███████▒▒▒▒▒▒▒▒▒▒▒▒▒▒▒▒▒▒▒▒▒▒▒ 21%ERI calculation:    ████████▒▒▒▒▒▒▒▒▒▒▒▒▒▒▒▒▒▒▒▒▒▒ 26%ERI calculation:    ██████████▒▒▒▒▒▒▒▒▒▒▒▒▒▒▒▒▒▒▒▒ 31%ERI calculation:    ███████████▒▒▒▒▒▒▒▒▒▒▒▒▒▒▒▒▒▒▒ 36%ERI calculation:    █████████████▒▒▒▒▒▒▒▒▒▒▒▒▒▒▒▒▒ 42%ERI calculation:    ███████████████▒▒▒▒▒▒▒▒▒▒▒▒▒▒▒ 47%ERI calculation:    ████████████████▒▒▒▒▒▒▒▒▒▒▒▒▒▒ 52%ERI calculation:    ██████████████████▒▒▒▒▒▒▒▒▒▒▒▒ 57%ERI calculation:    ███████████████████▒▒▒▒▒▒▒▒▒▒▒ 63%ERI calculation:    █████████████████████▒▒▒▒▒▒▒▒▒ 68%ERI calculation:    ██████████████████████▒▒▒▒▒▒▒▒ 73%ERI calculation:    ████████████████████████▒▒▒▒▒▒ 78%ERI calculation:    ██████████████████████████▒▒▒▒ 84%ERI calculation:    ███████████████████████████▒▒▒ 89%ERI calculation:    █████████████████████████████▒ 94%ERI calculation:    ██████████████████████████████ 100%

Fock matrix: 
-11.26 -16.49 -6.453 -2.812 -1.295e-17 -0.02099 -0.02968 8.896e-18 -0.00868 -0.01227 -3.609e-17 -0.002522 -0.003566 -0.2115 -1.146 -1.039 -0.2111 -1.146 -1.038 
-16.49 -10.61 -5.427 -2.514 -1.158e-17 -0.02344 -0.03314 2.307e-17 -0.006561 -0.009277 -2.726e-17 -0.001747 -0.002471 -0.2139 -1.04 -0.9424 -0.2136 -1.039 -0.9423 
-6.453 -5.427 -1.478 -0.9219 3.355e-17 -0.05968 -0.08439 3.32e-17 -0.1104 -0.1561 3.234e-17 -0.0679 -0.096 -0.2854 -0.5138 -0.4703 -0.2852 -0.5136 -0.4702 
-2.812 -2.514 -0.9219 -0.2881 -3.055e-17 -0.03709 -0.05244 -3.407e-17 -0.1234 -0.1744 -1.334e-17 -0.1394 -0.1971 -0.203 -0.235 -0.1802 -0.203 -0.2349 -0.1801 
-1.295e-17 -1.158e-17 3.355e-17 -3.055e-17 4.776 3.299e-17 -1.859e-16 0.6295 -3.438e-17 -2.302e-17 -0.2172 1.009e-17 -1.528e-17 -6.137e-17 -4.886e-17 -5.066e-17 -2.753e-17 -1.797e-17 -2.523e-17 
-0.02099 -0.02344 -0.05968 -0.03709 3.299e-17 4.748 0.005775 1.171e-16 0.588 0.009222 3.229e-17 -0.2372 0.004577 0.06863 0.03242 0.00325 -0.2391 -0.1692 -0.07549 
-0.02968 -0.03314 -0.08439 -0.05244 -1.859e-16 0.005775 4.752 4.459e-17 0.009222 0.5944 9.561e-17 0.004577 -0.234 -0.2295 -0.168 -0.07892 -0.01162 -0.02532 -0.02319 
8.896e-18 2.307e-17 3.32e-17 -3.407e-17 0.6295 1.171e-16 4.459e-17 1.816 3.895e-17 9.527e-17 0.5563 3.122e-17 2.83e-17 -3.127e-17 -2.459e-17 -3.931e-17 -8.474e-18 -4.545e-18 -2.119e-17 
-0.00868 -0.006561 -0.1104 -0.1234 -3.438e-17 0.588 0.009222 3.895e-17 1.672 0.0317 4.962e-18 0.4347 0.02672 0.01031 -0.07512 -0.05998 -0.06538 0.0649 -0.05048 
-0.01227 -0.009277 -0.1561 -0.1744 -2.302e-17 0.009222 0.5944 9.527e-17 0.0317 1.694 9.146e-17 0.02672 0.4535 -0.06554 0.0423 -0.07474 -0.01208 -0.05676 -0.08144 
-3.609e-17 -2.726e-17 3.234e-17 -1.334e-17 -0.2172 3.229e-17 9.561e-17 0.5563 4.962e-18 9.146e-17 0.7371 6.842e-18 2.874e-17 -4.684e-19 -3.097e-19 -1.96e-17 -2.128e-18 -4.468e-18 -1.599e-17 
-0.002522 -0.001747 -0.0679 -0.1394 1.009e-17 -0.2372 0.004577 3.122e-17 0.4347 0.02672 6.842e-18 0.5452 0.04197 0.006141 -0.09742 -0.1062 -0.05186 0.1181 -0.02176 
-0.003566 -0.002471 -0.096 -0.1971 -1.528e-17 0.004577 -0.234 2.83e-17 0.02672 0.4535 2.874e-17 0.04197 0.5748 -0.05275 0.09089 -0.06054 -0.01175 -0.06162 -0.1203 
-0.2115 -0.2139 -0.2854 -0.203 -6.137e-17 0.06863 -0.2295 -3.127e-17 0.01031 -0.06554 -4.684e-19 0.006141 -0.05275 0.8736 -0.1 -0.2109 -0.03511 -0.1114 -0.1296 
-1.146 -1.04 -0.5138 -0.235 -4.886e-17 0.03242 -0.168 -2.459e-17 -0.07512 0.0423 -3.097e-19 -0.09742 0.09089 -0.1 -0.00732 -0.1212 -0.1114 -0.1762 -0.1476 
-1.039 -0.9424 -0.4703 -0.1802 -5.066e-17 0.00325 -0.07892 -3.931e-17 -0.05998 -0.07474 -1.96e-17 -0.1062 -0.06054 -0.2109 -0.1212 -0.05744 -0.1296 -0.1476 -0.0983 
-0.2111 -0.2136 -0.2852 -0.203 -2.753e-17 -0.2391 -0.01162 -8.474e-18 -0.06538 -0.01208 -2.128e-18 -0.05186 -0.01175 -0.03511 -0.1114 -0.1296 0.8735 -0.1 -0.2109 
-1.146 -1.039 -0.5136 -0.2349 -1.797e-17 -0.1692 -0.02532 -4.545e-18 0.0649 -0.05676 -4.468e-18 0.1181 -0.06162 -0.1114 -0.1762 -0.1476 -0.1 -0.007282 -0.1212 
-1.038 -0.9423 -0.4702 -0.1801 -2.523e-17 -0.07549 -0.02319 -2.119e-17 -0.05048 -0.08144 -1.599e-17 -0.02176 -0.1203 -0.1296 -0.1476 -0.0983 -0.2109 -0.1212 -0.05745 
#1   -61.8921487675    
Fock matrix: 
-22.01 -25.95 -9.561 -4.137 -1.188e-16 0.02375 0.03358 -1.771e-16 0.01026 0.0145 -1.851e-16 0.003797 0.005369 -0.2977 -1.676 -1.52 -0.2973 -1.676 -1.52 
-25.95 -20.85 -9.019 -3.982 -1.034e-16 0.02779 0.03928 -1.776e-16 0.007541 0.01066 -1.864e-16 0.002249 0.00318 -0.2952 -1.62 -1.468 -0.2947 -1.619 -1.468 
-9.561 -9.019 -6.361 -3.996 -9.44e-18 0.02194 0.03092 -8.104e-17 -0.006368 -0.009175 -1.727e-16 -0.05044 -0.07141 -0.8245 -1.942 -1.784 -0.8238 -1.941 -1.784 
-4.137 -3.982 -3.996 -3.04 -2.691e-17 -0.01039 -0.01475 -7.236e-17 -0.03695 -0.0524 -1.314e-16 -0.05509 -0.078 -0.8784 -1.648 -1.602 -0.8779 -1.648 -1.602 
-1.188e-16 -1.034e-16 -9.44e-18 -2.691e-17 -1.604 8.672e-19 -3.283e-18 -2.329 7.912e-18 -1.624e-17 -1.033 1.831e-17 -2.986e-17 -4.024e-17 -4.862e-17 -3.928e-17 4.472e-18 -1.613e-18 -1.274e-17 
0.02375 0.02779 0.02194 -0.01039 8.672e-19 -1.629 0.007119 1.283e-17 -2.389 0.01837 2.343e-17 -1.101 0.02216 0.1656 0.1817 0.05209 -0.5379 -0.5999 -0.2015 
0.03358 0.03928 0.03092 -0.01475 -3.283e-18 0.007119 -1.624 -3.008e-17 0.01837 -2.376 -5.225e-17 0.02217 -1.085 -0.5124 -0.5722 -0.1953 -0.0143 -0.01901 -0.01586 
-1.771e-16 -1.776e-16 -8.104e-17 -7.236e-17 -2.329 1.283e-17 -3.008e-17 -1.798 2.898e-17 -6.11e-17 -1.215 5.132e-17 -8.492e-17 -1.326e-16 -1.333e-16 -7.173e-17 1.922e-17 4.215e-18 -1.537e-17 
0.01026 0.007541 -0.006368 -0.03695 7.912e-18 -2.389 0.01837 2.898e-17 -1.964 0.04792 5.566e-17 -1.422 0.06187 0.2933 0.2795 0.08743 -0.919 -0.8983 -0.3612 
0.0145 0.01066 -0.009175 -0.0524 -1.624e-17 0.01837 -2.376 -6.11e-17 0.04792 -1.931 -1.123e-16 0.06187 -1.378 -0.8715 -0.8542 -0.3523 -0.01333 -0.02056 -0.03478 
-1.851e-16 -1.864e-16 -1.727e-16 -1.314e-16 -1.033 2.343e-17 -5.225e-17 -1.215 5.566e-17 -1.123e-16 -0.844 8.122e-17 -1.335e-16 -2.204e-16 -2.135e-16 -8.761e-17 3.222e-17 5.73e-18 -1.127e-17 
0.003797 0.002249 -0.05044 -0.05509 1.831e-17 -1.101 0.02217 5.132e-17 -1.422 0.06187 8.122e-17 -1.132 0.0868 0.2819 0.2547 0.1084 -0.8503 -0.7733 -0.3708 
0.005369 0.00318 -0.07141 -0.078 -2.986e-17 0.02216 -1.085 -8.492e-17 0.06187 -1.378 -1.335e-16 0.0868 -1.07 -0.8025 -0.7302 -0.355 -0.001066 -0.002795 -0.01595 
-0.2977 -0.2952 -0.8245 -0.8784 -4.024e-17 0.1656 -0.5124 -1.326e-16 0.2933 -0.8715 -2.204e-16 0.2819 -0.8025 -0.3916 -1.185 -0.822 -0.03157 -0.2864 -0.4458 
-1.676 -1.62 -1.942 -1.648 -4.862e-17 0.1817 -0.5722 -1.333e-16 0.2795 -0.8542 -2.135e-16 0.2547 -0.7302 -1.185 -1.415 -1.152 -0.2863 -0.7274 -0.8387 
-1.52 -1.468 -1.784 -1.602 -3.928e-17 0.05209 -0.1953 -7.173e-17 0.08743 -0.3523 -8.761e-17 0.1084 -0.355 -0.822 -1.152 -1.051 -0.4457 -0.8386 -0.9057 
-0.2973 -0.2947 -0.8238 -0.8779 4.472e-18 -0.5379 -0.0143 1.922e-17 -0.919 -0.01333 3.222e-17 -0.8503 -0.001066 -0.03157 -0.2863 -0.4457 -0.3908 -1.185 -0.8217 
-1.676 -1.619 -1.941 -1.648 -1.613e-18 -0.5999 -0.01901 4.215e-18 -0.8983 -0.02056 5.73e-18 -0.7733 -0.002795 -0.2864 -0.7274 -0.8386 -1.185 -1.414 -1.152 
-1.52 -1.468 -1.784 -1.602 -1.274e-17 -0.2015 -0.01586 -1.537e-17 -0.3612 -0.03478 -1.127e-17 -0.3708 -0.01595 -0.4458 -0.8387 -0.9057 -0.8217 -1.152 -1.051 
#2   -67.4812863082    
Fock matrix: 
-14.22 -19.05 -7.204 -3.131 -5.827e-16 -0.02481 -0.03509 -2.462e-16 -0.01097 -0.01552 -1.441e-16 -0.003613 -0.005109 -0.2348 -1.276 -1.156 -0.2344 -1.276 -1.156 
-19.05 -13.32 -6.295 -2.873 -4.196e-16 -0.02718 -0.03843 -1.479e-16 -0.007484 -0.01058 -1.027e-16 -0.002414 -0.003413 -0.2376 -1.184 -1.073 -0.2372 -1.183 -1.073 
-7.204 -6.295 -2.456 -1.561 -4.652e-17 -0.05295 -0.07486 3.219e-17 -0.1015 -0.1435 2.367e-17 -0.07143 -0.101 -0.417 -0.8253 -0.7623 -0.4168 -0.825 -0.7621 
-3.131 -2.873 -1.561 -0.7847 -6.834e-17 -0.03802 -0.05375 -3.428e-17 -0.1243 -0.1757 -1.028e-17 -0.1453 -0.2053 -0.3267 -0.4902 -0.4211 -0.3266 -0.4901 -0.4211 
-5.827e-16 -4.196e-16 -4.652e-17 -6.834e-17 3.478 -8.547e-17 9.055e-17 -0.04613 -3.653e-17 2.799e-17 -0.4869 2.433e-17 -5e-17 -1.804e-16 -1.174e-16 -4.611e-17 -2.586e-17 -3.386e-17 -3.075e-17 
-0.02481 -0.02718 -0.05295 -0.03802 -8.547e-17 3.509 -0.01261 -1.629e-17 -0.05716 -0.0003972 4.072e-17 -0.5134 0.006665 0.1115 0.07989 0.01803 -0.3789 -0.3268 -0.1327 
-0.03509 -0.03843 -0.07486 -0.05375 9.055e-17 -0.01261 3.5 2.295e-16 -0.0003958 -0.05746 2.192e-16 0.006668 -0.5087 -0.3627 -0.3184 -0.1343 -0.01546 -0.03058 -0.02768 
-2.462e-16 -1.479e-16 3.219e-17 -3.428e-17 -0.04613 -1.629e-17 2.295e-16 1.081 2.288e-17 1.483e-16 0.193 5.289e-17 1.047e-17 -1.435e-16 -7.197e-17 -2.034e-17 -3.519e-18 -6.436e-19 -9.739e-18 
-0.01097 -0.007484 -0.1015 -0.1243 -3.653e-17 -0.05716 -0.0003958 2.288e-17 0.943 0.03018 6.022e-17 0.05139 0.03323 0.07406 -0.007558 -0.03822 -0.2698 -0.1539 -0.1305 
-0.01552 -0.01058 -0.1435 -0.1757 2.799e-17 -0.0003972 -0.05746 1.483e-16 0.03018 0.9642 1.801e-16 0.03324 0.07478 -0.2599 -0.1659 -0.152 -0.01662 -0.0623 -0.08661 
-1.441e-16 -1.027e-16 2.367e-17 -1.028e-17 -0.4869 4.072e-17 2.192e-16 0.193 6.022e-17 1.801e-16 0.5303 5.107e-17 5.508e-17 -4.287e-17 -7.916e-18 -1.529e-19 1.871e-17 1.946e-17 1.978e-18 
-0.003613 -0.002414 -0.07143 -0.1453 2.433e-17 -0.5134 0.006668 5.289e-17 0.05139 0.03324 5.107e-17 0.3184 0.04868 0.04459 -0.05875 -0.094 -0.1761 -0.01295 -0.07124 
-0.005109 -0.003413 -0.101 -0.2053 -5e-17 0.006665 -0.5087 1.047e-17 0.03323 0.07478 5.508e-17 0.04868 0.3528 -0.171 -0.03443 -0.1087 -0.01482 -0.06684 -0.1248 
-0.2348 -0.2376 -0.417 -0.3267 -1.804e-16 0.1115 -0.3627 -1.435e-16 0.07406 -0.2599 -4.287e-17 0.04459 -0.171 0.7472 -0.2466 -0.301 -0.04423 -0.1536 -0.1851 
-1.276 -1.184 -0.8253 -0.4902 -1.174e-16 0.07989 -0.3184 -7.197e-17 -0.007558 -0.1659 -7.916e-18 -0.05875 -0.03443 -0.2466 -0.216 -0.2724 -0.1535 -0.286 -0.2652 
-1.156 -1.073 -0.7623 -0.4211 -4.611e-17 0.01803 -0.1343 -2.034e-17 -0.03822 -0.152 -1.529e-19 -0.094 -0.1087 -0.301 -0.2724 -0.1842 -0.185 -0.2651 -0.2137 
-0.2344 -0.2372 -0.4168 -0.3266 -2.586e-17 -0.3789 -0.01546 -3.519e-18 -0.2698 -0.01662 1.871e-17 -0.1761 -0.01482 -0.04423 -0.1535 -0.185 0.7472 -0.2465 -0.301 
-1.276 -1.183 -0.825 -0.4901 -3.386e-17 -0.3268 -0.03058 -6.436e-19 -0.1539 -0.0623 1.946e-17 -0.01295 -0.06684 -0.1536 -0.286 -0.2651 -0.2465 -0.2159 -0.2724 
-1.156 -1.073 -0.7621 -0.4211 -3.075e-17 -0.1327 -0.02768 -9.739e-18 -0.1305 -0.08661 1.978e-18 -0.07124 -0.1248 -0.1851 -0.2652 -0.2137 -0.301 -0.2724 -0.1842 
#3   -72.032401504     
Fock matrix: 
-21.16 -25.2 -9.267 -4.007 -1.022e-16 0.02243 0.03169 -1.177e-16 0.008131 0.01149 -1.431e-16 0.001816 0.002565 -0.2904 -1.625 -1.473 -0.29 -1.625 -1.473 
-25.2 -20.02 -8.689 -3.845 -8.541e-17 0.0254 0.03589 -1.183e-16 0.004924 0.006955 -1.439e-16 0.000109 0.0001533 -0.2901 -1.568 -1.419 -0.2897 -1.567 -1.419 
-9.267 -8.689 -6.022 -3.823 -3.492e-17 -0.002372 -0.003423 -5.27e-17 -0.03476 -0.04925 -8.232e-17 -0.04883 -0.06907 -0.802 -1.857 -1.706 -0.8013 -1.857 -1.705 
-4.007 -3.845 -3.823 -2.871 -2.539e-17 -0.02959 -0.04186 -1.739e-17 -0.06394 -0.09049 -2.597e-17 -0.06612 -0.09351 -0.8298 -1.551 -1.501 -0.8294 -1.55 -1.501 
-1.022e-16 -8.541e-17 -3.492e-17 -2.539e-17 -0.9327 4.093e-17 -2.49e-17 -1.99 6.447e-17 -3.569e-17 -0.9389 6.478e-17 -2.197e-17 -4.519e-17 -3.719e-17 4.11e-19 4.176e-17 3.979e-17 2.567e-17 
0.02243 0.0254 -0.002372 -0.02959 4.093e-17 -1.034 0.05208 5.829e-17 -2.148 0.07967 6.297e-17 -1.074 0.06662 0.1994 0.1977 0.0458 -0.5565 -0.6048 -0.2148 
0.03169 0.03589 -0.003423 -0.04186 -2.49e-17 0.05208 -0.9969 -3.781e-17 0.07968 -2.092 -4.476e-17 0.06662 -1.027 -0.5202 -0.5717 -0.2116 0.015 -0.00374 -0.02722 
-1.177e-16 -1.183e-16 -5.27e-17 -1.739e-17 -1.99 5.829e-17 -3.781e-17 -1.395 8.715e-17 -5.269e-17 -1.021 1.038e-16 -4.538e-17 -7.67e-17 -6.259e-17 -3.729e-18 7.423e-17 7.943e-17 5.808e-17 
0.008131 0.004924 -0.03476 -0.06394 6.447e-17 -2.148 0.07968 8.715e-17 -1.689 0.1288 1.043e-16 -1.308 0.1184 0.3212 0.2816 0.06772 -0.8842 -0.8533 -0.3626 
0.01149 0.006955 -0.04925 -0.09049 -3.569e-17 0.07967 -2.092 -5.269e-17 0.1288 -1.598 -7.185e-17 0.1184 -1.225 -0.8247 -0.8056 -0.3607 0.02852 -0.002433 -0.05613 
-1.431e-16 -1.439e-16 -8.232e-17 -2.597e-17 -0.9389 6.297e-17 -4.476e-17 -1.021 1.043e-16 -7.185e-17 -0.6645 1.226e-16 -7.144e-17 -1.027e-16 -9.51e-17 -2.53e-17 9.15e-17 9.407e-17 6.64e-17 
0.001816 0.000109 -0.04883 -0.06612 6.478e-17 -1.074 0.06662 1.038e-16 -1.308 0.1184 1.226e-16 -1.003 0.1196 0.2901 0.2421 0.07688 -0.7863 -0.7075 -0.3637 
0.002565 0.0001533 -0.06907 -0.09351 -2.197e-17 0.06662 -1.027 -4.538e-17 0.1184 -1.225 -7.144e-17 0.1196 -0.9185 -0.7317 -0.6648 -0.3585 0.03021 0.007139 -0.04679 
-0.2904 -0.2901 -0.802 -0.8298 -4.519e-17 0.1994 -0.5202 -7.67e-17 0.3212 -0.8247 -1.027e-16 0.2901 -0.7317 -0.2592 -1.075 -0.7814 -0.01632 -0.2625 -0.4253 
-1.625 -1.568 -1.857 -1.551 -3.719e-17 0.1977 -0.5717 -6.259e-17 0.2816 -0.8056 -9.51e-17 0.2421 -0.6648 -1.075 -1.299 -1.091 -0.2625 -0.6824 -0.7955 
-1.473 -1.419 -1.706 -1.501 4.11e-19 0.0458 -0.2116 -3.729e-18 0.06772 -0.3607 -2.53e-17 0.07688 -0.3585 -0.7814 -1.091 -0.9904 -0.4252 -0.7953 -0.852 
-0.29 -0.2897 -0.8013 -0.8294 4.176e-17 -0.5565 0.015 7.423e-17 -0.8842 0.02852 9.15e-17 -0.7863 0.03021 -0.01632 -0.2625 -0.4252 -0.2585 -1.075 -0.7811 
-1.625 -1.567 -1.857 -1.55 3.979e-17 -0.6048 -0.00374 7.943e-17 -0.8533 -0.002433 9.407e-17 -0.7075 0.007139 -0.2625 -0.6824 -0.7953 -1.075 -1.298 -1.09 
-1.473 -1.419 -1.705 -1.501 2.567e-17 -0.2148 -0.02722 5.808e-17 -0.3626 -0.05613 6.64e-17 -0.3637 -0.04679 -0.4253 -0.7955 -0.852 -0.7811 -1.09 -0.9902 
#4   -70.473441531     
Fock matrix: 
-14.76 -19.51 -7.345 -3.191 -3.69e-16 -0.02414 -0.03413 -2.087e-16 -0.01078 -0.01524 -1.631e-16 -0.003719 -0.005258 -0.2393 -1.301 -1.178 -0.2389 -1.3 -1.178 
-19.51 -13.82 -6.459 -2.94 -2.347e-16 -0.02641 -0.03734 -1.172e-16 -0.00723 -0.01022 -1.251e-16 -0.002336 -0.003303 -0.2417 -1.211 -1.098 -0.2414 -1.21 -1.098 
-7.345 -6.459 -2.657 -1.691 1.179e-17 -0.05068 -0.07166 -4.984e-18 -0.09748 -0.1378 -8.364e-17 -0.06714 -0.09493 -0.4378 -0.8834 -0.8189 -0.4375 -0.883 -0.8187 
-3.191 -2.94 -1.691 -0.8908 1.318e-17 -0.03732 -0.05276 -2.093e-17 -0.1219 -0.1723 -7.643e-17 -0.1414 -0.1999 -0.3495 -0.5411 -0.472 -0.3493 -0.5409 -0.4719 
-3.69e-16 -2.347e-16 1.179e-17 1.318e-17 3.214 -9.985e-18 5.026e-17 -0.173 -2.644e-17 5.503e-17 -0.5386 -6.195e-18 -6.208e-18 -5.602e-17 -3.632e-17 -8.361e-18 1.016e-17 -1.331e-18 5.066e-20 
-0.02414 -0.02641 -0.05068 -0.03732 -9.985e-18 3.264 -0.02221 6.203e-18 -0.1683 -0.007126 1.695e-17 -0.5597 0.004632 0.1193 0.08722 0.01946 -0.4015 -0.3532 -0.1435 
-0.03413 -0.03734 -0.07166 -0.05276 5.026e-17 -0.02221 3.249 9.094e-17 -0.007125 -0.1734 1.1e-16 0.004634 -0.5564 -0.3839 -0.3438 -0.1453 -0.01512 -0.0321 -0.02999 
-2.087e-16 -1.172e-16 -4.984e-18 -2.093e-17 -0.173 6.203e-18 9.094e-17 0.9316 -7.176e-18 8.737e-17 0.1092 4.188e-18 9.034e-18 -5.889e-17 -4.919e-17 -2.468e-17 7.169e-18 -1.361e-17 -1.64e-17 
-0.01078 -0.00723 -0.09748 -0.1219 -2.644e-17 -0.1683 -0.007125 -7.176e-18 0.8034 0.02698 1.058e-17 -0.03178 0.03383 0.09029 0.008363 -0.03317 -0.3142 -0.2007 -0.1489 
-0.01524 -0.01022 -0.1378 -0.1723 5.503e-17 -0.007126 -0.1734 8.737e-17 0.02698 0.8224 1.115e-16 0.03384 -0.007958 -0.3013 -0.2099 -0.1696 -0.01508 -0.06192 -0.08772 
-1.631e-16 -1.251e-16 -8.364e-17 -7.643e-17 -0.5386 1.695e-17 1.1e-16 0.1092 1.058e-17 1.115e-16 0.4721 9.579e-18 3.691e-17 -2.838e-17 -4.27e-17 -4.034e-17 -6.346e-18 -3.554e-17 -3.977e-17 
-0.003719 -0.002336 -0.06714 -0.1414 -6.195e-18 -0.5597 0.004634 4.188e-18 -0.03178 0.03384 9.579e-18 0.2572 0.05082 0.05799 -0.04498 -0.08808 -0.2091 -0.04605 -0.08358 
-0.005258 -0.003303 -0.09493 -0.1999 -6.208e-18 0.004632 -0.5564 9.034e-18 0.03383 -0.007958 3.691e-17 0.05082 0.2931 -0.2013 -0.06467 -0.1197 -0.01226 -0.06391 -0.1229 
-0.2393 -0.2417 -0.4378 -0.3495 -5.602e-17 0.1193 -0.3839 -5.889e-17 0.09029 -0.3013 -2.838e-17 0.05799 -0.2013 0.7129 -0.2818 -0.3217 -0.04108 -0.1572 -0.1947 
-1.301 -1.211 -0.8834 -0.5411 -3.632e-17 0.08722 -0.3438 -4.919e-17 0.008363 -0.2099 -4.27e-17 -0.04498 -0.06467 -0.2818 -0.2624 -0.3055 -0.1572 -0.3038 -0.288 
-1.178 -1.098 -0.8189 -0.472 -8.361e-18 0.01946 -0.1453 -2.468e-17 -0.03317 -0.1696 -4.034e-17 -0.08808 -0.1197 -0.3217 -0.3055 -0.2122 -0.1946 -0.2879 -0.238 
-0.2389 -0.2414 -0.4375 -0.3493 1.016e-17 -0.4015 -0.01512 7.169e-18 -0.3142 -0.01508 -6.346e-18 -0.2091 -0.01226 -0.04108 -0.1572 -0.1946 0.7129 -0.2817 -0.3216 
-1.3 -1.21 -0.883 -0.5409 -1.331e-18 -0.3532 -0.0321 -1.361e-17 -0.2007 -0.06192 -3.554e-17 -0.04605 -0.06391 -0.1572 -0.3038 -0.2879 -0.2817 -0.2622 -0.3054 
-1.178 -1.098 -0.8187 -0.4719 5.066e-20 -0.1435 -0.02999 -1.64e-17 -0.1489 -0.08772 -3.977e-17 -0.08358 -0.1229 -0.1947 -0.288 -0.238 -0.3216 -0.3054 -0.2122 
#5   -73.1650520774    
Fock matrix: 
-20.29 -24.42 -8.979 -3.882 -2.197e-16 -0.01062 -0.01503 -1.103e-16 -0.004942 -0.006993 -1.357e-16 -0.002287 -0.003235 -0.2838 -1.578 -1.429 -0.2834 -1.577 -1.429 
-24.42 -19.16 -8.36 -3.71 -2.22e-16 -0.01063 -0.01504 -8.331e-17 -0.003029 -0.004288 -1.215e-16 -0.0008577 -0.001214 -0.2828 -1.515 -1.372 -0.2824 -1.514 -1.372 
-8.979 -8.36 -5.46 -3.476 -7.18e-17 -0.01526 -0.02166 -9.704e-17 -0.03555 -0.05039 1.712e-18 -0.01671 -0.02369 -0.7181 -1.68 -1.568 -0.7175 -1.679 -1.568 
-3.882 -3.71 -3.476 -2.533 1.461e-16 -0.009637 -0.01369 6.631e-17 -0.05097 -0.07221 2.075e-17 -0.05657 -0.08007 -0.7255 -1.365 -1.334 -0.7251 -1.364 -1.334 
-2.197e-16 -2.22e-16 -7.18e-17 1.461e-16 -0.1779 -3.477e-16 -4.696e-16 -1.577 -4.892e-16 -6.543e-16 -0.8169 -4.074e-16 -5.35e-16 -1.912e-16 -1.088e-16 1.54e-16 -2.199e-16 -1.376e-16 1.403e-16 
-0.01062 -0.01063 -0.01526 -0.009637 -3.477e-16 -0.3135 -0.02821 -4.651e-16 -1.779 -0.03705 -3.979e-16 -1 -0.02717 0.1395 0.1502 0.05901 -0.5307 -0.5638 -0.1983 
-0.01503 -0.01504 -0.02166 -0.01369 -4.696e-16 -0.02821 -0.3334 -6.013e-16 -0.03705 -1.805 -4.822e-16 -0.02716 -1.019 -0.5139 -0.545 -0.1894 -0.03938 -0.03971 -0.007395 
-1.103e-16 -8.331e-17 -9.704e-17 6.631e-17 -1.577 -4.651e-16 -6.013e-16 -0.8409 -6.238e-16 -7.999e-16 -0.7314 -5.535e-16 -6.865e-16 -2.734e-16 -1.767e-16 1.97e-16 -3.448e-16 -2.477e-16 1.616e-16 
-0.004942 -0.003029 -0.03555 -0.05097 -4.892e-16 -1.779 -0.03705 -6.238e-16 -1.192 -0.03043 -5.742e-16 -1.09 -0.01618 0.21 0.1885 0.07414 -0.7937 -0.748 -0.326 
-0.006993 -0.004288 -0.05039 -0.07221 -6.543e-16 -0.03705 -1.805 -7.999e-16 -0.03043 -1.213 -6.815e-16 -0.01617 -1.102 -0.7679 -0.7269 -0.3197 -0.0574 -0.06405 -0.03648 
-1.357e-16 -1.215e-16 1.712e-18 2.075e-17 -0.8169 -3.979e-16 -4.822e-16 -0.7314 -5.742e-16 -6.815e-16 -0.3565 -4.86e-16 -5.442e-16 -2.257e-16 -1.355e-16 1.628e-16 -3.349e-16 -2.435e-16 1.091e-16 
-0.002287 -0.0008577 -0.01671 -0.05657 -4.074e-16 -1 -0.02716 -5.535e-16 -1.09 -0.01617 -4.86e-16 -0.7781 0.01228 0.1987 0.1575 0.05614 -0.7146 -0.6069 -0.3121 
-0.003235 -0.001214 -0.02369 -0.08007 -5.35e-16 -0.02717 -1.019 -6.865e-16 -0.01618 -1.102 -5.442e-16 0.01228 -0.7695 -0.6879 -0.5881 -0.3112 -0.0415 -0.04715 -0.05063 
-0.2838 -0.2828 -0.7181 -0.7255 -1.912e-16 0.1395 -0.5139 -2.734e-16 0.21 -0.7679 -2.257e-16 0.1987 -0.6879 -0.08367 -0.9537 -0.7171 -0.05339 -0.2629 -0.3732 
-1.578 -1.515 -1.68 -1.365 -1.088e-16 0.1502 -0.545 -1.767e-16 0.1885 -0.7269 -1.355e-16 0.1575 -0.5881 -0.9537 -1.135 -0.9678 -0.2628 -0.6314 -0.7099 
-1.429 -1.372 -1.568 -1.334 1.54e-16 0.05901 -0.1894 1.97e-16 0.07414 -0.3197 1.628e-16 0.05614 -0.3112 -0.7171 -0.9678 -0.8679 -0.3731 -0.7098 -0.7702 
-0.2834 -0.2824 -0.7175 -0.7251 -2.199e-16 -0.5307 -0.03938 -3.448e-16 -0.7937 -0.0574 -3.349e-16 -0.7146 -0.0415 -0.05339 -0.2628 -0.3731 -0.08297 -0.9532 -0.7168 
-1.577 -1.514 -1.679 -1.364 -1.376e-16 -0.5638 -0.03971 -2.477e-16 -0.748 -0.06405 -2.435e-16 -0.6069 -0.04715 -0.2629 -0.6314 -0.7098 -0.9532 -1.135 -0.9674 
-1.429 -1.372 -1.568 -1.334 1.403e-16 -0.1983 -0.007395 1.616e-16 -0.326 -0.03648 1.091e-16 -0.3121 -0.05063 -0.3732 -0.7099 -0.7702 -0.7168 -0.9674 -0.8677 
#6   -73.0848847597    
Fock matrix: 
-15.42 -20.09 -7.527 -3.269 5.109e-17 -0.02265 -0.03203 -1.076e-16 -0.009801 -0.01386 -1.069e-16 -0.003317 -0.004691 -0.2447 -1.332 -1.207 -0.2443 -1.331 -1.207 
-20.09 -14.44 -6.672 -3.027 -1.415e-16 -0.02464 -0.03484 -2.531e-16 -0.006612 -0.009349 -1.747e-16 -0.001904 -0.002692 -0.2469 -1.246 -1.129 -0.2466 -1.245 -1.129 
-7.527 -6.672 -2.93 -1.872 -9.057e-17 -0.04766 -0.06738 -1.127e-16 -0.09138 -0.1292 -3.413e-17 -0.06035 -0.08531 -0.468 -0.9668 -0.9025 -0.4677 -0.9664 -0.9024 
-3.269 -3.027 -1.872 -1.049 1.312e-17 -0.03284 -0.04643 1.329e-18 -0.1132 -0.16 1.193e-17 -0.1318 -0.1863 -0.3842 -0.6185 -0.5531 -0.384 -0.6183 -0.553 
5.109e-17 -1.415e-16 -9.057e-17 1.312e-17 2.837 1.062e-16 -2.104e-17 -0.352 2.401e-17 -6.005e-17 -0.6067 -3.793e-17 -5.057e-17 -6.457e-17 -9.662e-18 8.574e-17 -5.716e-17 -3.04e-17 4.94e-17 
-0.02265 -0.02464 -0.04766 -0.03284 1.062e-16 2.922 -0.01005 1.199e-16 -0.3164 -0.003682 6.148e-17 -0.6198 0.001031 0.1257 0.09937 0.02874 -0.4309 -0.3879 -0.1553 
-0.03203 -0.03484 -0.06738 -0.04643 -2.104e-17 -0.01005 2.915 8.389e-17 -0.003681 -0.319 1.705e-16 0.001032 -0.619 -0.4129 -0.3764 -0.1546 -0.01877 -0.03149 -0.02433 
-1.076e-16 -2.531e-16 -1.127e-16 1.329e-18 -0.352 1.199e-16 8.389e-17 0.7221 3.955e-17 4.585e-17 -0.00806 -3.302e-17 1.345e-17 -3.266e-17 2.4e-17 1.082e-16 -5.468e-17 -3.146e-17 5.398e-17 
-0.009801 -0.006612 -0.09138 -0.1132 2.401e-17 -0.3164 -0.003681 3.955e-17 0.6188 0.0223 1.797e-17 -0.1478 0.026 0.105 0.03021 -0.01803 -0.3764 -0.2666 -0.1723 
-0.01386 -0.009349 -0.1292 -0.16 -6.005e-17 -0.003682 -0.319 4.585e-17 0.0223 0.6344 1.706e-16 0.026 -0.1295 -0.3621 -0.2721 -0.1891 -0.02141 -0.062 -0.07991 
-1.069e-16 -1.747e-16 -3.413e-17 1.193e-17 -0.6067 6.148e-17 1.705e-16 -0.00806 1.797e-17 1.706e-16 0.3829 -2.447e-17 9.81e-17 4.216e-17 7.45e-17 8.312e-17 -2.796e-17 -1.559e-17 2.772e-17 
-0.003317 -0.001904 -0.06035 -0.1318 -3.793e-17 -0.6198 0.001032 -3.302e-17 -0.1478 0.026 -2.447e-17 0.1593 0.04393 0.07177 -0.02551 -0.07362 -0.2626 -0.1002 -0.1029 
-0.004691 -0.002692 -0.08531 -0.1863 -5.057e-17 0.001031 -0.619 1.345e-17 0.026 -0.1295 9.81e-17 0.04393 0.1903 -0.2532 -0.1152 -0.1351 -0.01653 -0.06238 -0.1144 
-0.2447 -0.2469 -0.468 -0.3842 -6.457e-17 0.1257 -0.4129 -3.266e-17 0.105 -0.3621 4.216e-17 0.07177 -0.2532 0.652 -0.3428 -0.3575 -0.04139 -0.1664 -0.2098 
-1.332 -1.246 -0.9668 -0.6185 -9.662e-18 0.09937 -0.3764 2.4e-17 0.03021 -0.2721 7.45e-17 -0.02551 -0.1152 -0.3428 -0.3407 -0.3616 -0.1664 -0.333 -0.3234 
-1.207 -1.129 -0.9025 -0.5531 8.574e-17 0.02874 -0.1546 1.082e-16 -0.01803 -0.1891 8.312e-17 -0.07362 -0.1351 -0.3575 -0.3616 -0.2612 -0.2097 -0.3234 -0.2781 
-0.2443 -0.2466 -0.4677 -0.384 -5.716e-17 -0.4309 -0.01877 -5.468e-17 -0.3764 -0.02141 -2.796e-17 -0.2626 -0.01653 -0.04139 -0.1664 -0.2097 0.6521 -0.3426 -0.3574 
-1.331 -1.245 -0.9664 -0.6183 -3.04e-17 -0.3879 -0.03149 -3.146e-17 -0.2666 -0.062 -1.559e-17 -0.1002 -0.06238 -0.1664 -0.333 -0.3234 -0.3426 -0.3405 -0.3615 
-1.207 -1.129 -0.9024 -0.553 4.94e-17 -0.1553 -0.02433 5.398e-17 -0.1723 -0.07991 2.772e-17 -0.1029 -0.1144 -0.2098 -0.3234 -0.2781 -0.3574 -0.3615 -0.2612 
#7   -74.3365938136    
Fock matrix: 
-19.06 -23.32 -8.589 -3.717 -1.645e-16 -0.01849 -0.02614 -1.486e-16 -0.008001 -0.01131 -1.837e-16 -0.003469 -0.004904 -0.2727 -1.512 -1.37 -0.2723 -1.511 -1.369 
-23.32 -17.95 -7.907 -3.526 -2.326e-17 -0.01924 -0.02721 -6.231e-17 -0.005 -0.007071 -1.245e-16 -0.001515 -0.002142 -0.2721 -1.442 -1.307 -0.2717 -1.442 -1.307 
-8.589 -7.907 -4.638 -2.955 -8.498e-17 -0.01805 -0.02556 -1.257e-16 -0.03992 -0.05652 -1.967e-16 -0.02271 -0.03215 -0.6282 -1.447 -1.367 -0.6277 -1.447 -1.367 
-3.717 -3.526 -2.955 -2.027 -1.898e-17 -0.0192 -0.02717 4.557e-17 -0.07601 -0.1075 1.915e-17 -0.09108 -0.1288 -0.6112 -1.112 -1.062 -0.6108 -1.112 -1.062 
-1.645e-16 -2.326e-17 -8.498e-17 -1.898e-17 0.6178 -1.263e-16 -3.061e-16 -1.338 -7.217e-17 -1.63e-17 -0.917 -2.105e-17 4.171e-17 2.814e-16 4.082e-17 -8.253e-17 7.299e-17 7.249e-19 -1.525e-17 
-0.01849 -0.01924 -0.01805 -0.0192 -1.263e-16 0.7093 -0.003233 -1.58e-16 -1.238 -0.002285 -1.188e-16 -0.8475 -0.00294 0.142 0.1339 0.03447 -0.486 -0.5012 -0.2003 
-0.02614 -0.02721 -0.02556 -0.02717 -3.061e-16 -0.003233 0.707 -3.494e-16 -0.002285 -1.239 -2.302e-16 -0.00294 -0.8496 -0.4657 -0.4843 -0.2003 -0.02097 -0.03486 -0.03413 
-1.486e-16 -6.231e-17 -1.257e-16 4.557e-17 -1.338 -1.58e-16 -3.494e-16 -0.5171 -9.526e-17 1.748e-17 -0.716 -2.985e-17 7.446e-17 4.467e-16 1.035e-16 -8.615e-17 1.226e-16 3.859e-17 1.969e-17 
-0.008001 -0.005 -0.03992 -0.07601 -7.217e-17 -1.238 -0.002285 -9.526e-17 -0.489 0.01625 -7.624e-17 -0.7331 0.01736 0.1857 0.1348 0.0186 -0.6414 -0.5849 -0.3045 
-0.01131 -0.007071 -0.05652 -0.1075 -1.63e-17 -0.002285 -1.239 1.748e-17 0.01625 -0.4777 7.693e-17 0.01736 -0.7209 -0.6148 -0.5728 -0.3164 -0.02937 -0.06339 -0.08772 
-1.837e-16 -1.245e-16 -1.967e-16 1.915e-17 -0.917 -1.188e-16 -2.302e-16 -0.716 -7.624e-17 7.693e-17 -0.2833 -1.667e-17 1.081e-16 4.413e-16 1.102e-16 -7.872e-17 1.163e-16 3.669e-17 2.657e-17 
-0.003469 -0.001515 -0.02271 -0.09108 -2.105e-17 -0.8475 -0.00294 -2.985e-17 -0.7331 0.01736 -1.667e-17 -0.4114 0.03408 0.1641 0.08748 -0.0168 -0.5591 -0.4285 -0.2562 
-0.004904 -0.002142 -0.03215 -0.1288 4.171e-17 -0.00294 -0.8496 7.446e-17 0.01736 -0.7209 1.081e-16 0.03408 -0.3874 -0.5351 -0.4235 -0.2776 -0.02325 -0.05839 -0.1082 
-0.2727 -0.2721 -0.6282 -0.6112 2.814e-16 0.142 -0.4657 4.467e-16 0.1857 -0.6148 4.413e-16 0.1641 -0.5351 0.2238 -0.7419 -0.6166 -0.04095 -0.229 -0.3314 
-1.512 -1.442 -1.447 -1.112 4.082e-17 0.1339 -0.4843 1.035e-16 0.1348 -0.5728 1.102e-16 0.08748 -0.4235 -0.7419 -0.8572 -0.7562 -0.2289 -0.5329 -0.5799 
-1.37 -1.307 -1.367 -1.062 -8.253e-17 0.03447 -0.2003 -8.615e-17 0.0186 -0.3164 -7.872e-17 -0.0168 -0.2776 -0.6166 -0.7562 -0.6121 -0.3313 -0.5798 -0.5653 
-0.2723 -0.2717 -0.6277 -0.6108 7.299e-17 -0.486 -0.02097 1.226e-16 -0.6414 -0.02937 1.163e-16 -0.5591 -0.02325 -0.04095 -0.2289 -0.3313 0.2242 -0.7416 -0.6164 
-1.511 -1.442 -1.447 -1.112 7.249e-19 -0.5012 -0.03486 3.859e-17 -0.5849 -0.06339 3.669e-17 -0.4285 -0.05839 -0.229 -0.5329 -0.5798 -0.7416 -0.8568 -0.756 
-1.369 -1.307 -1.367 -1.062 -1.525e-17 -0.2003 -0.03413 1.969e-17 -0.3045 -0.08772 2.657e-17 -0.2562 -0.1082 -0.3314 -0.5799 -0.5653 -0.6164 -0.756 -0.612 
#8   -75.1680234029    
Fock matrix: 
-16.58 -21.11 -7.854 -3.407 -3.041e-17 -0.02592 -0.03664 7.556e-17 -0.01071 -0.01514 -2.013e-17 -0.003887 -0.005495 -0.2542 -1.388 -1.258 -0.2538 -1.388 -1.258 
-21.11 -15.55 -7.054 -3.183 1.405e-17 -0.02696 -0.03811 9.939e-17 -0.006436 -0.009099 -8.63e-18 -0.001804 -0.00255 -0.2556 -1.308 -1.186 -0.2552 -1.307 -1.185 
-7.854 -7.054 -3.441 -2.202 3.938e-18 -0.03347 -0.04734 3.712e-17 -0.07235 -0.1023 -2.433e-17 -0.05103 -0.07216 -0.5209 -1.118 -1.051 -0.5206 -1.117 -1.051 
-3.407 -3.183 -2.202 -1.34 3.397e-17 -0.02886 -0.04081 5.57e-17 -0.1057 -0.1495 1.515e-18 -0.126 -0.1781 -0.4549 -0.7694 -0.7071 -0.4547 -0.7692 -0.7071 
-3.041e-17 1.405e-17 3.938e-18 3.397e-17 2.181 1.373e-16 -6.957e-17 -0.6483 4.806e-17 3.149e-17 -0.7213 5.438e-17 4.354e-17 8.948e-17 3.705e-17 -9.856e-19 4.371e-17 3.847e-17 2.747e-17 
-0.02592 -0.02696 -0.03347 -0.02886 1.373e-16 2.268 -0.01472 1.321e-16 -0.5927 -0.008888 9.292e-17 -0.7074 -0.002761 0.1357 0.1125 0.02879 -0.4679 -0.4398 -0.1793 
-0.03664 -0.03811 -0.04734 -0.04081 -6.957e-17 -0.01472 2.258 -6.222e-17 -0.008888 -0.599 1.299e-17 -0.002761 -0.7093 -0.4486 -0.4267 -0.18 -0.02129 -0.03588 -0.03273 
7.556e-17 9.939e-17 3.712e-17 5.57e-17 -0.6483 1.321e-16 -6.222e-17 0.3486 4.716e-17 4.35e-17 -0.2355 6.586e-17 5.517e-17 1.129e-16 5.279e-17 4.195e-18 5.747e-17 5.393e-17 4.003e-17 
-0.01071 -0.006436 -0.07235 -0.1057 4.806e-17 -0.5927 -0.008888 4.716e-17 0.2828 0.01664 5.026e-17 -0.3409 0.02248 0.1347 0.06343 -0.01038 -0.4779 -0.3813 -0.2232 
-0.01514 -0.009099 -0.1023 -0.1495 3.149e-17 -0.008888 -0.599 4.35e-17 0.01664 0.2945 9.144e-17 0.02248 -0.3251 -0.4593 -0.382 -0.2403 -0.0258 -0.06724 -0.08975 
-2.013e-17 -8.63e-18 -2.433e-17 1.515e-18 -0.7213 9.292e-17 1.299e-17 -0.2355 5.026e-17 9.144e-17 0.1848 5.887e-17 7.823e-17 9.677e-17 4.065e-17 -1.057e-17 4.37e-17 2.828e-17 1.086e-17 
-0.003887 -0.001804 -0.05103 -0.126 5.438e-17 -0.7074 -0.002761 6.586e-17 -0.3409 0.02248 5.887e-17 -0.01391 0.04183 0.1007 0.005892 -0.06146 -0.3603 -0.2042 -0.1505 
-0.005495 -0.00255 -0.07216 -0.1781 4.354e-17 -0.002761 -0.7093 5.517e-17 0.02248 -0.3251 7.823e-17 0.04183 0.01561 -0.3465 -0.2144 -0.1813 -0.02031 -0.06576 -0.1182 
-0.2542 -0.2556 -0.5209 -0.4549 8.948e-17 0.1357 -0.4486 1.129e-16 0.1347 -0.4593 9.677e-17 0.1007 -0.3465 0.5314 -0.4637 -0.4349 -0.04057 -0.1866 -0.2479 
-1.388 -1.308 -1.118 -0.7694 3.705e-17 0.1125 -0.4267 5.279e-17 0.06343 -0.382 4.065e-17 0.005892 -0.2144 -0.4637 -0.4959 -0.4775 -0.1865 -0.3962 -0.4023 
-1.258 -1.186 -1.051 -0.7071 -9.856e-19 0.02879 -0.18 4.195e-18 -0.01038 -0.2403 -1.057e-17 -0.06146 -0.1813 -0.4349 -0.4775 -0.3612 -0.2478 -0.4023 -0.363 
-0.2538 -0.2552 -0.5206 -0.4547 4.371e-17 -0.4679 -0.02129 5.747e-17 -0.4779 -0.0258 4.37e-17 -0.3603 -0.02031 -0.04057 -0.1865 -0.2478 0.5316 -0.4635 -0.4348 
-1.388 -1.307 -1.117 -0.7692 3.847e-17 -0.4398 -0.03588 5.393e-17 -0.3813 -0.06724 2.828e-17 -0.2042 -0.06576 -0.1866 -0.3962 -0.4023 -0.4635 -0.4957 -0.4774 
-1.258 -1.185 -1.051 -0.7071 2.747e-17 -0.1793 -0.03273 4.003e-17 -0.2232 -0.08975 1.086e-17 -0.1505 -0.1182 -0.2479 -0.4023 -0.363 -0.4348 -0.4774 -0.3612 
#9   -75.6425673388    
Fock matrix: 
-18.23 -22.58 -8.335 -3.61 1.648e-17 -0.02405 -0.034 -6.798e-17 -0.009949 -0.01407 -9.84e-17 -0.003821 -0.0054 -0.2666 -1.469 -1.331 -0.2662 -1.468 -1.331 
-22.58 -17.14 -7.612 -3.408 -3.8e-17 -0.02478 -0.03502 -1.127e-16 -0.005873 -0.008304 -1.268e-16 -0.001493 -0.002111 -0.2666 -1.396 -1.265 -0.2661 -1.395 -1.265 
-8.335 -7.612 -4.196 -2.68 -3.148e-17 -0.02052 -0.02906 -5.175e-17 -0.0488 -0.06906 -5.986e-17 -0.03314 -0.04689 -0.5911 -1.33 -1.259 -0.5907 -1.33 -1.259 
-3.61 -3.408 -2.68 -1.773 -1.859e-17 -0.01848 -0.02615 -3.372e-17 -0.08408 -0.1189 -4.548e-17 -0.1047 -0.148 -0.5542 -0.9865 -0.9328 -0.5539 -0.9862 -0.9327 
1.648e-17 -3.8e-17 -3.148e-17 -1.859e-17 1.18 -1.853e-16 -4.353e-16 -1.087 9.834e-17 -5.293e-17 -0.8528 8.278e-17 4.092e-17 4.671e-17 2.141e-17 3.163e-17 5.429e-18 9.57e-18 9.198e-18 
-0.02405 -0.02478 -0.02052 -0.01848 -1.853e-16 1.276 -0.01573 -1.798e-16 -0.998 -0.01455 -1.064e-16 -0.8037 -0.009478 0.1404 0.1275 0.03584 -0.4872 -0.4828 -0.1913 
-0.034 -0.03502 -0.02906 -0.02615 -4.353e-16 -0.01573 1.265 -4.637e-16 -0.01455 -1.008 -2.986e-16 -0.009477 -0.8104 -0.4674 -0.4671 -0.1902 -0.02304 -0.03511 -0.02946 
-6.798e-17 -1.127e-16 -5.175e-17 -3.372e-17 -1.087 -1.798e-16 -4.637e-16 -0.1977 1.267e-16 -3.893e-17 -0.5432 9.542e-17 5.829e-17 6.439e-17 2.993e-17 4.408e-17 -2.591e-18 -2.014e-18 4.989e-18 
-0.009949 -0.005873 -0.0488 -0.08408 9.834e-17 -0.998 -0.01455 1.267e-16 -0.2034 0.005569 1.13e-16 -0.5992 0.01243 0.1691 0.111 0.01221 -0.5946 -0.5181 -0.2736 
-0.01407 -0.008304 -0.06906 -0.1189 -5.293e-17 -0.01455 -1.008 -3.893e-17 0.005569 -0.1996 1.107e-18 0.01243 -0.5905 -0.571 -0.5103 -0.2858 -0.03051 -0.06512 -0.08357 
-9.84e-17 -1.268e-16 -5.986e-17 -4.548e-17 -0.8528 -1.064e-16 -2.986e-16 -0.5432 1.13e-16 1.107e-18 -0.1032 6.64e-17 5.861e-17 5.802e-17 2.566e-17 3.401e-17 -1.023e-17 -1.935e-17 -1.131e-17 
-0.003821 -0.001493 -0.03314 -0.1047 8.278e-17 -0.8037 -0.009477 9.542e-17 -0.5992 0.01243 6.64e-17 -0.2667 0.03362 0.1419 0.05766 -0.0314 -0.4944 -0.3479 -0.2115 
-0.0054 -0.002111 -0.04689 -0.148 4.092e-17 -0.009478 -0.8104 5.829e-17 0.01243 -0.5905 5.861e-17 0.03362 -0.243 -0.4743 -0.3486 -0.2353 -0.02395 -0.06158 -0.1079 
-0.2666 -0.2666 -0.5911 -0.5542 4.671e-17 0.1404 -0.4674 6.439e-17 0.1691 -0.571 5.802e-17 0.1419 -0.4743 0.3418 -0.6411 -0.5466 -0.03915 -0.2124 -0.2987 
-1.469 -1.396 -1.33 -0.9865 2.141e-17 0.1275 -0.4671 2.993e-17 0.111 -0.5103 2.566e-17 0.05766 -0.3486 -0.6411 -0.7219 -0.6466 -0.2124 -0.4816 -0.5117 
-1.331 -1.265 -1.259 -0.9328 3.163e-17 0.03584 -0.1902 4.408e-17 0.01221 -0.2858 3.401e-17 -0.0314 -0.2353 -0.5466 -0.6466 -0.5106 -0.2986 -0.5116 -0.4859 
-0.2662 -0.2661 -0.5907 -0.5539 5.429e-18 -0.4872 -0.02304 -2.591e-18 -0.5946 -0.03051 -1.023e-17 -0.4944 -0.02395 -0.03915 -0.2124 -0.2986 0.3422 -0.6409 -0.5464 
-1.468 -1.395 -1.33 -0.9862 9.57e-18 -0.4828 -0.03511 -2.014e-18 -0.5181 -0.06512 -1.935e-17 -0.3479 -0.06158 -0.2124 -0.4816 -0.5116 -0.6409 -0.7216 -0.6464 
-1.331 -1.265 -1.259 -0.9327 9.198e-18 -0.1913 -0.02946 4.989e-18 -0.2736 -0.08357 -1.131e-17 -0.2115 -0.1079 -0.2987 -0.5117 -0.4859 -0.5464 -0.6464 -0.5105 
#10  -75.8560093126    
Fock matrix: 
-17.18 -21.64 -8.026 -3.48 1.213e-16 -0.0261 -0.03689 -4.637e-17 -0.01064 -0.01504 -1.13e-16 -0.003858 -0.005453 -0.2588 -1.417 -1.284 -0.2584 -1.417 -1.284 
-21.64 -16.12 -7.254 -3.263 9.71e-17 -0.02685 -0.03796 -5.186e-17 -0.006225 -0.008801 -1.143e-16 -0.001618 -0.002288 -0.2596 -1.339 -1.214 -0.2592 -1.339 -1.214 
-8.026 -7.254 -3.704 -2.37 -1.014e-17 -0.02722 -0.03852 -4.945e-17 -0.06323 -0.08945 -5.859e-17 -0.04568 -0.06459 -0.5475 -1.194 -1.126 -0.5471 -1.194 -1.126 
-3.48 -3.263 -2.37 -1.491 -1.031e-17 -0.02342 -0.03313 -2.722e-17 -0.09717 -0.1374 -3.625e-17 -0.119 -0.1683 -0.4903 -0.8454 -0.7859 -0.49 -0.8452 -0.7858 
1.213e-16 9.71e-17 -1.014e-17 -1.031e-17 1.823 1.003e-16 -3.907e-17 -0.8076 6.845e-17 7.407e-17 -0.7721 4.456e-17 5.594e-17 5.229e-17 1.959e-17 1.057e-18 2.657e-17 9.811e-18 -1.284e-18 
-0.0261 -0.02685 -0.02722 -0.02342 1.003e-16 1.926 -0.0209 9.891e-17 -0.7309 -0.0161 6.469e-17 -0.7437 -0.007313 0.1384 0.119 0.03317 -0.4782 -0.4563 -0.1824 
-0.03689 -0.03796 -0.03852 -0.03313 -3.907e-17 -0.0209 1.912 -3.117e-17 -0.0161 -0.7423 -1.53e-17 -0.007313 -0.7488 -0.4586 -0.4419 -0.1817 -0.02204 -0.03478 -0.02917 
-4.637e-17 -5.186e-17 -4.945e-17 -2.722e-17 -0.8076 9.891e-17 -3.117e-17 0.1541 6.608e-17 8.33e-17 -0.3446 4.701e-17 6.128e-17 6.394e-17 1.619e-17 -4.442e-18 3.059e-17 1.946e-18 -8.053e-18 
-0.01064 -0.006225 -0.06323 -0.09717 6.845e-17 -0.7309 -0.0161 6.608e-17 0.114 0.00863 4.851e-17 -0.435 0.01794 0.1487 0.08211 -0.0001701 -0.5239 -0.4318 -0.2398 
-0.01504 -0.008801 -0.08945 -0.1374 7.407e-17 -0.0161 -0.7423 8.33e-17 0.00863 0.12 5.804e-17 0.01794 -0.4224 -0.5031 -0.4289 -0.2543 -0.02709 -0.06524 -0.08477 
-1.13e-16 -1.143e-16 -5.859e-17 -3.625e-17 -0.7721 6.469e-17 -1.53e-17 -0.3446 4.851e-17 5.804e-17 0.08863 3.399e-17 3.742e-17 4.128e-17 -9.302e-19 -1.547e-17 2.102e-17 -7.472e-18 -1.684e-17 
-0.003858 -0.001618 -0.04568 -0.119 4.456e-17 -0.7437 -0.007313 4.701e-17 -0.435 0.01794 3.399e-17 -0.1029 0.0398 0.1166 0.0252 -0.04964 -0.4094 -0.2546 -0.1695 
-0.005453 -0.002288 -0.06459 -0.1683 5.594e-17 -0.007313 -0.7488 6.128e-17 0.01794 -0.4224 3.742e-17 0.0398 -0.0748 -0.3931 -0.261 -0.1972 -0.02076 -0.06305 -0.1124 
-0.2588 -0.2596 -0.5475 -0.4903 5.229e-17 0.1384 -0.4586 6.394e-17 0.1487 -0.5031 4.128e-17 0.1166 -0.3931 0.4678 -0.5255 -0.4722 -0.03887 -0.1947 -0.2645 
-1.417 -1.339 -1.194 -0.8454 1.959e-17 0.119 -0.4419 1.619e-17 0.08211 -0.4289 -9.302e-19 0.0252 -0.261 -0.5255 -0.5733 -0.5336 -0.1946 -0.4249 -0.4389 
-1.284 -1.214 -1.126 -0.7859 1.057e-18 0.03317 -0.1817 -4.442e-18 -0.0001701 -0.2543 -1.547e-17 -0.04964 -0.1972 -0.4722 -0.5336 -0.4101 -0.2645 -0.4388 -0.4039 
-0.2584 -0.2592 -0.5471 -0.49 2.657e-17 -0.4782 -0.02204 3.059e-17 -0.5239 -0.02709 2.102e-17 -0.4094 -0.02076 -0.03887 -0.1946 -0.2645 0.4681 -0.5252 -0.4721 
-1.417 -1.339 -1.194 -0.8452 9.811e-18 -0.4563 -0.03478 1.946e-18 -0.4318 -0.06524 -7.472e-18 -0.2546 -0.06305 -0.1947 -0.4249 -0.4388 -0.5252 -0.573 -0.5335 
-1.284 -1.214 -1.126 -0.7858 -1.284e-18 -0.1824 -0.02917 -8.053e-18 -0.2398 -0.08477 -1.684e-17 -0.1695 -0.1124 -0.2645 -0.4389 -0.4039 -0.4721 -0.5335 -0.4101 
#11  -75.947636294     
Fock matrix: 
-17.84 -22.23 -8.22 -3.561 -5.343e-16 -0.02519 -0.03561 -2.657e-16 -0.0103 -0.01456 -1.799e-16 -0.003821 -0.005401 -0.2637 -1.45 -1.313 -0.2633 -1.449 -1.313 
-22.23 -16.76 -7.479 -3.354 -4.254e-16 -0.02588 -0.03658 -2.086e-16 -0.006016 -0.008505 -1.484e-16 -0.001499 -0.002119 -0.264 -1.375 -1.247 -0.2636 -1.374 -1.246 
-8.22 -7.479 -4.008 -2.562 -9.87e-17 -0.02239 -0.03169 -1.122e-17 -0.05397 -0.07636 -6.281e-18 -0.03841 -0.05434 -0.5755 -1.28 -1.21 -0.5751 -1.279 -1.209 
-3.561 -3.354 -2.562 -1.665 -4.829e-17 -0.01929 -0.02729 -2.29e-18 -0.08834 -0.1249 -7.397e-18 -0.1103 -0.1558 -0.5302 -0.9328 -0.8768 -0.5299 -0.9325 -0.8767 
-5.343e-16 -4.254e-16 -9.87e-17 -4.829e-17 1.421 -2.232e-18 2.956e-16 -0.9834 7.85e-17 1.704e-16 -0.8243 4.343e-17 9.613e-17 -4.422e-17 -4.094e-17 -1.085e-17 6.26e-17 2.77e-17 -8.498e-18 
-0.02519 -0.02588 -0.02239 -0.01929 -2.232e-18 1.525 -0.02124 -2.115e-17 -0.8942 -0.01884 -3.732e-17 -0.7814 -0.01066 0.1395 0.1244 0.0358 -0.4847 -0.4727 -0.1868 
-0.03561 -0.03658 -0.03169 -0.02729 2.956e-16 -0.02124 1.51 2.712e-16 -0.01884 -0.9076 1.423e-16 -0.01066 -0.789 -0.4651 -0.4574 -0.1855 -0.02319 -0.03489 -0.02794 
-2.657e-16 -2.086e-16 -1.122e-17 -2.29e-18 -0.9834 -2.115e-17 2.712e-16 -0.06533 5.941e-17 1.263e-16 -0.4684 2.22e-17 6.758e-17 -7.565e-17 -5.767e-17 -7.193e-19 7.056e-17 4.147e-17 3.909e-18 
-0.0103 -0.006016 -0.05397 -0.08834 7.85e-17 -0.8942 -0.01884 5.941e-17 -0.08111 0.003209 7.01e-18 -0.5381 0.01296 0.1618 0.1006 0.00891 -0.5698 -0.486 -0.2596 
-0.01456 -0.008505 -0.07636 -0.1249 1.704e-16 -0.01884 -0.9076 1.263e-16 0.003209 -0.079 3.836e-17 0.01296 -0.529 -0.5473 -0.4799 -0.2721 -0.02949 -0.06477 -0.08213 
-1.799e-16 -1.484e-16 -6.281e-18 -7.397e-18 -0.8243 -3.732e-17 1.423e-16 -0.4684 7.01e-18 3.836e-17 -0.02786 -1.619e-17 6.095e-18 -8.138e-17 -7.441e-17 -2.041e-17 3.457e-17 6.794e-18 -1.64e-17 
-0.003821 -0.001499 -0.03841 -0.1103 4.343e-17 -0.7814 -0.01066 2.22e-17 -0.5381 0.01296 -1.619e-17 -0.2045 0.03589 0.133 0.04596 -0.03728 -0.4633 -0.3123 -0.1938 
-0.005401 -0.002119 -0.05434 -0.1558 9.613e-17 -0.01066 -0.789 6.758e-17 0.01296 -0.529 6.095e-18 0.03589 -0.1791 -0.4444 -0.3149 -0.2186 -0.02246 -0.06141 -0.1079 
-0.2637 -0.264 -0.5755 -0.5302 -4.422e-17 0.1395 -0.4651 -7.565e-17 0.1618 -0.5473 -8.138e-17 0.133 -0.4444 0.391 -0.597 -0.5172 -0.0384 -0.2051 -0.2849 
-1.45 -1.375 -1.28 -0.9328 -4.094e-17 0.1244 -0.4574 -5.767e-17 0.1006 -0.4799 -7.441e-17 0.04596 -0.3149 -0.597 -0.6644 -0.6016 -0.205 -0.4592 -0.4828 
-1.313 -1.247 -1.21 -0.8768 -1.085e-17 0.0358 -0.1855 -7.193e-19 0.00891 -0.2721 -2.041e-17 -0.03728 -0.2186 -0.5172 -0.6016 -0.4702 -0.2848 -0.4827 -0.4533 
-0.2633 -0.2636 -0.5751 -0.5299 6.26e-17 -0.4847 -0.02319 7.056e-17 -0.5698 -0.02949 3.457e-17 -0.4633 -0.02246 -0.0384 -0.205 -0.2848 0.3913 -0.5968 -0.517 
-1.449 -1.374 -1.279 -0.9325 2.77e-17 -0.4727 -0.03489 4.147e-17 -0.486 -0.06477 6.794e-18 -0.3123 -0.06141 -0.2051 -0.4592 -0.4827 -0.5968 -0.6641 -0.6015 
-1.313 -1.246 -1.209 -0.8767 -8.498e-18 -0.1868 -0.02794 3.909e-18 -0.2596 -0.08213 -1.64e-17 -0.1938 -0.1079 -0.2849 -0.4828 -0.4533 -0.517 -0.6015 -0.4702 
#12  -75.9841538629    
Fock matrix: 
-17.43 -21.87 -8.098 -3.51 -2.038e-16 -0.02585 -0.03654 -1.494e-16 -0.01053 -0.01488 -1.36e-16 -0.003827 -0.00541 -0.2606 -1.429 -1.295 -0.2602 -1.429 -1.295 
-21.87 -16.36 -7.338 -3.297 -1.88e-16 -0.02656 -0.03754 -1.391e-16 -0.006137 -0.008676 -1.311e-16 -0.001557 -0.002201 -0.2613 -1.353 -1.226 -0.2609 -1.352 -1.226 
-8.098 -7.338 -3.816 -2.441 -3.07e-17 -0.02513 -0.03557 -9.805e-18 -0.05973 -0.0845 -2.844e-17 -0.04328 -0.06121 -0.5583 -1.226 -1.158 -0.5579 -1.226 -1.157 
