./scf.x geometry/h2o.xyz basis/6311.basis
Preparing...

Loading basis:      █▒▒▒▒▒▒▒▒▒▒▒▒▒▒▒▒▒▒▒▒▒▒▒▒▒▒▒▒▒ 0%Loading basis:      ████████████████████▒▒▒▒▒▒▒▒▒▒ 66%Loading basis:      ██████████████████████████████ 100%
ERI calculation:    ██▒▒▒▒▒▒▒▒▒▒▒▒▒▒▒▒▒▒▒▒▒▒▒▒▒▒▒▒ 5%ERI calculation:    ████▒▒▒▒▒▒▒▒▒▒▒▒▒▒▒▒▒▒▒▒▒▒▒▒▒▒ 10%ERI calculation:    █████▒▒▒▒▒▒▒▒▒▒▒▒▒▒▒▒▒▒▒▒▒▒▒▒▒ 15%ERI calculation:    ███████▒▒▒▒▒▒▒▒▒▒▒▒▒▒▒▒▒▒▒▒▒▒▒ 21%ERI calculation:    ████████▒▒▒▒▒▒▒▒▒▒▒▒▒▒▒▒▒▒▒▒▒▒ 26%ERI calculation:    ██████████▒▒▒▒▒▒▒▒▒▒▒▒▒▒▒▒▒▒▒▒ 31%ERI calculation:    ███████████▒▒▒▒▒▒▒▒▒▒▒▒▒▒▒▒▒▒▒ 36%ERI calculation:    █████████████▒▒▒▒▒▒▒▒▒▒▒▒▒▒▒▒▒ 42%ERI calculation:    ███████████████▒▒▒▒▒▒▒▒▒▒▒▒▒▒▒ 47%ERI calculation:    ████████████████▒▒▒▒▒▒▒▒▒▒▒▒▒▒ 52%ERI calculation:    ██████████████████▒▒▒▒▒▒▒▒▒▒▒▒ 57%ERI calculation:    ███████████████████▒▒▒▒▒▒▒▒▒▒▒ 63%ERI calculation:    █████████████████████▒▒▒▒▒▒▒▒▒ 68%ERI calculation:    ██████████████████████▒▒▒▒▒▒▒▒ 73%ERI calculation:    ████████████████████████▒▒▒▒▒▒ 78%ERI calculation:    ██████████████████████████▒▒▒▒ 84%ERI calculation:    ███████████████████████████▒▒▒ 89%ERI calculation:    █████████████████████████████▒ 94%ERI calculation:    ██████████████████████████████ 100%

Fock matrix: 
-11.26 -16.49 -6.453 -2.812 -1.295e-17 -0.02099 -0.02968 8.896e-18 -0.00868 -0.01227 -3.609e-17 -0.002522 -0.003566 -0.2115 -1.146 -1.039 -0.2111 -1.146 -1.038 
-16.49 -10.61 -5.427 -2.514 -1.158e-17 -0.02344 -0.03314 2.307e-17 -0.006561 -0.009277 -2.726e-17 -0.001747 -0.002471 -0.2139 -1.04 -0.9424 -0.2136 -1.039 -0.9423 
-6.453 -5.427 -1.478 -0.9219 3.355e-17 -0.05968 -0.08439 3.32e-17 -0.1104 -0.1561 3.234e-17 -0.0679 -0.096 -0.2854 -0.5138 -0.4703 -0.2852 -0.5136 -0.4702 
-2.812 -2.514 -0.9219 -0.2881 -3.055e-17 -0.03709 -0.05244 -3.407e-17 -0.1234 -0.1744 -1.334e-17 -0.1394 -0.1971 -0.203 -0.235 -0.1802 -0.203 -0.2349 -0.1801 
-1.295e-17 -1.158e-17 3.355e-17 -3.055e-17 4.776 3.299e-17 -1.859e-16 0.6295 -3.438e-17 -2.302e-17 -0.2172 1.009e-17 -1.528e-17 -6.137e-17 -4.886e-17 -5.066e-17 -2.753e-17 -1.797e-17 -2.523e-17 
-0.02099 -0.02344 -0.05968 -0.03709 3.299e-17 4.748 0.005775 1.171e-16 0.588 0.009222 3.229e-17 -0.2372 0.004577 0.06863 0.03242 0.00325 -0.2391 -0.1692 -0.07549 
-0.02968 -0.03314 -0.08439 -0.05244 -1.859e-16 0.005775 4.752 4.459e-17 0.009222 0.5944 9.561e-17 0.004577 -0.234 -0.2295 -0.168 -0.07892 -0.01162 -0.02532 -0.02319 
8.896e-18 2.307e-17 3.32e-17 -3.407e-17 0.6295 1.171e-16 4.459e-17 1.816 3.895e-17 9.527e-17 0.5563 3.122e-17 2.83e-17 -3.127e-17 -2.459e-17 -3.931e-17 -8.474e-18 -4.545e-18 -2.119e-17 
-0.00868 -0.006561 -0.1104 -0.1234 -3.438e-17 0.588 0.009222 3.895e-17 1.672 0.0317 4.962e-18 0.4347 0.02672 0.01031 -0.07512 -0.05998 -0.06538 0.0649 -0.05048 
-0.01227 -0.009277 -0.1561 -0.1744 -2.302e-17 0.009222 0.5944 9.527e-17 0.0317 1.694 9.146e-17 0.02672 0.4535 -0.06554 0.0423 -0.07474 -0.01208 -0.05676 -0.08144 
-3.609e-17 -2.726e-17 3.234e-17 -1.334e-17 -0.2172 3.229e-17 9.561e-17 0.5563 4.962e-18 9.146e-17 0.7371 6.842e-18 2.874e-17 -4.684e-19 -3.097e-19 -1.96e-17 -2.128e-18 -4.468e-18 -1.599e-17 
-0.002522 -0.001747 -0.0679 -0.1394 1.009e-17 -0.2372 0.004577 3.122e-17 0.4347 0.02672 6.842e-18 0.5452 0.04197 0.006141 -0.09742 -0.1062 -0.05186 0.1181 -0.02176 
-0.003566 -0.002471 -0.096 -0.1971 -1.528e-17 0.004577 -0.234 2.83e-17 0.02672 0.4535 2.874e-17 0.04197 0.5748 -0.05275 0.09089 -0.06054 -0.01175 -0.06162 -0.1203 
-0.2115 -0.2139 -0.2854 -0.203 -6.137e-17 0.06863 -0.2295 -3.127e-17 0.01031 -0.06554 -4.684e-19 0.006141 -0.05275 0.8736 -0.1 -0.2109 -0.03511 -0.1114 -0.1296 
-1.146 -1.04 -0.5138 -0.235 -4.886e-17 0.03242 -0.168 -2.459e-17 -0.07512 0.0423 -3.097e-19 -0.09742 0.09089 -0.1 -0.00732 -0.1212 -0.1114 -0.1762 -0.1476 
-1.039 -0.9424 -0.4703 -0.1802 -5.066e-17 0.00325 -0.07892 -3.931e-17 -0.05998 -0.07474 -1.96e-17 -0.1062 -0.06054 -0.2109 -0.1212 -0.05744 -0.1296 -0.1476 -0.0983 
-0.2111 -0.2136 -0.2852 -0.203 -2.753e-17 -0.2391 -0.01162 -8.474e-18 -0.06538 -0.01208 -2.128e-18 -0.05186 -0.01175 -0.03511 -0.1114 -0.1296 0.8735 -0.1 -0.2109 
-1.146 -1.039 -0.5136 -0.2349 -1.797e-17 -0.1692 -0.02532 -4.545e-18 0.0649 -0.05676 -4.468e-18 0.1181 -0.06162 -0.1114 -0.1762 -0.1476 -0.1 -0.007282 -0.1212 
-1.038 -0.9423 -0.4702 -0.1801 -2.523e-17 -0.07549 -0.02319 -2.119e-17 -0.05048 -0.08144 -1.599e-17 -0.02176 -0.1203 -0.1296 -0.1476 -0.0983 -0.2109 -0.1212 -0.05745 
#1   -61.8921487675    
Fock matrix: 
-22.01 -25.95 -9.561 -4.137 -1.188e-16 0.02375 0.03358 -1.771e-16 0.01026 0.0145 -1.851e-16 0.003797 0.005369 -0.2977 -1.676 -1.52 -0.2973 -1.676 -1.52 
-25.95 -20.85 -9.019 -3.982 -1.034e-16 0.02779 0.03928 -1.776e-16 0.007541 0.01066 -1.864e-16 0.002249 0.00318 -0.2952 -1.62 -1.468 -0.2947 -1.619 -1.468 
-9.561 -9.019 -6.361 -3.996 -9.44e-18 0.02194 0.03092 -8.104e-17 -0.006368 -0.009175 -1.727e-16 -0.05044 -0.07141 -0.8245 -1.942 -1.784 -0.8238 -1.941 -1.784 
-4.137 -3.982 -3.996 -3.04 -2.691e-17 -0.01039 -0.01475 -7.236e-17 -0.03695 -0.0524 -1.314e-16 -0.05509 -0.078 -0.8784 -1.648 -1.602 -0.8779 -1.648 -1.602 
-1.188e-16 -1.034e-16 -9.44e-18 -2.691e-17 -1.604 8.672e-19 -3.283e-18 -2.329 7.912e-18 -1.624e-17 -1.033 1.831e-17 -2.986e-17 -4.024e-17 -4.862e-17 -3.928e-17 4.472e-18 -1.613e-18 -1.274e-17 
0.02375 0.02779 0.02194 -0.01039 8.672e-19 -1.629 0.007119 1.283e-17 -2.389 0.01837 2.343e-17 -1.101 0.02216 0.1656 0.1817 0.05209 -0.5379 -0.5999 -0.2015 
0.03358 0.03928 0.03092 -0.01475 -3.283e-18 0.007119 -1.624 -3.008e-17 0.01837 -2.376 -5.225e-17 0.02217 -1.085 -0.5124 -0.5722 -0.1953 -0.0143 -0.01901 -0.01586 
-1.771e-16 -1.776e-16 -8.104e-17 -7.236e-17 -2.329 1.283e-17 -3.008e-17 -1.798 2.898e-17 -6.11e-17 -1.215 5.132e-17 -8.492e-17 -1.326e-16 -1.333e-16 -7.173e-17 1.922e-17 4.215e-18 -1.537e-17 
0.01026 0.007541 -0.006368 -0.03695 7.912e-18 -2.389 0.01837 2.898e-17 -1.964 0.04792 5.566e-17 -1.422 0.06187 0.2933 0.2795 0.08743 -0.919 -0.8983 -0.3612 
0.0145 0.01066 -0.009175 -0.0524 -1.624e-17 0.01837 -2.376 -6.11e-17 0.04792 -1.931 -1.123e-16 0.06187 -1.378 -0.8715 -0.8542 -0.3523 -0.01333 -0.02056 -0.03478 
-1.851e-16 -1.864e-16 -1.727e-16 -1.314e-16 -1.033 2.343e-17 -5.225e-17 -1.215 5.566e-17 -1.123e-16 -0.844 8.122e-17 -1.335e-16 -2.204e-16 -2.135e-16 -8.761e-17 3.222e-17 5.73e-18 -1.127e-17 
0.003797 0.002249 -0.05044 -0.05509 1.831e-17 -1.101 0.02217 5.132e-17 -1.422 0.06187 8.122e-17 -1.132 0.0868 0.2819 0.2547 0.1084 -0.8503 -0.7733 -0.3708 
0.005369 0.00318 -0.07141 -0.078 -2.986e-17 0.02216 -1.085 -8.492e-17 0.06187 -1.378 -1.335e-16 0.0868 -1.07 -0.8025 -0.7302 -0.355 -0.001066 -0.002795 -0.01595 
-0.2977 -0.2952 -0.8245 -0.8784 -4.024e-17 0.1656 -0.5124 -1.326e-16 0.2933 -0.8715 -2.204e-16 0.2819 -0.8025 -0.3916 -1.185 -0.822 -0.03157 -0.2864 -0.4458 
-1.676 -1.62 -1.942 -1.648 -4.862e-17 0.1817 -0.5722 -1.333e-16 0.2795 -0.8542 -2.135e-16 0.2547 -0.7302 -1.185 -1.415 -1.152 -0.2863 -0.7274 -0.8387 
-1.52 -1.468 -1.784 -1.602 -3.928e-17 0.05209 -0.1953 -7.173e-17 0.08743 -0.3523 -8.761e-17 0.1084 -0.355 -0.822 -1.152 -1.051 -0.4457 -0.8386 -0.9057 
-0.2973 -0.2947 -0.8238 -0.8779 4.472e-18 -0.5379 -0.0143 1.922e-17 -0.919 -0.01333 3.222e-17 -0.8503 -0.001066 -0.03157 -0.2863 -0.4457 -0.3908 -1.185 -0.8217 
-1.676 -1.619 -1.941 -1.648 -1.613e-18 -0.5999 -0.01901 4.215e-18 -0.8983 -0.02056 5.73e-18 -0.7733 -0.002795 -0.2864 -0.7274 -0.8386 -1.185 -1.414 -1.152 
-1.52 -1.468 -1.784 -1.602 -1.274e-17 -0.2015 -0.01586 -1.537e-17 -0.3612 -0.03478 -1.127e-17 -0.3708 -0.01595 -0.4458 -0.8387 -0.9057 -0.8217 -1.152 -1.051 
#2   -67.4812863082    
Fock matrix: 
-14.22 -19.05 -7.204 -3.131 -5.827e-16 -0.02481 -0.03509 -2.462e-16 -0.01097 -0.01552 -1.441e-16 -0.003613 -0.005109 -0.2348 -1.276 -1.156 -0.2344 -1.276 -1.156 
-19.05 -13.32 -6.295 -2.873 -4.196e-16 -0.02718 -0.03843 -1.479e-16 -0.007484 -0.01058 -1.027e-16 -0.002414 -0.003413 -0.2376 -1.184 -1.073 -0.2372 -1.183 -1.073 
-7.204 -6.295 -2.456 -1.561 -4.652e-17 -0.05295 -0.07486 3.219e-17 -0.1015 -0.1435 2.367e-17 -0.07143 -0.101 -0.417 -0.8253 -0.7623 -0.4168 -0.825 -0.7621 
-3.131 -2.873 -1.561 -0.7847 -6.834e-17 -0.03802 -0.05375 -3.428e-17 -0.1243 -0.1757 -1.028e-17 -0.1453 -0.2053 -0.3267 -0.4902 -0.4211 -0.3266 -0.4901 -0.4211 
-5.827e-16 -4.196e-16 -4.652e-17 -6.834e-17 3.478 -8.547e-17 9.055e-17 -0.04613 -3.653e-17 2.799e-17 -0.4869 2.433e-17 -5e-17 -1.804e-16 -1.174e-16 -4.611e-17 -2.586e-17 -3.386e-17 -3.075e-17 
-0.02481 -0.02718 -0.05295 -0.03802 -8.547e-17 3.509 -0.01261 -1.629e-17 -0.05716 -0.0003972 4.072e-17 -0.5134 0.006665 0.1115 0.07989 0.01803 -0.3789 -0.3268 -0.1327 
-0.03509 -0.03843 -0.07486 -0.05375 9.055e-17 -0.01261 3.5 2.295e-16 -0.0003958 -0.05746 2.192e-16 0.006668 -0.5087 -0.3627 -0.3184 -0.1343 -0.01546 -0.03058 -0.02768 
-2.462e-16 -1.479e-16 3.219e-17 -3.428e-17 -0.04613 -1.629e-17 2.295e-16 1.081 2.288e-17 1.483e-16 0.193 5.289e-17 1.047e-17 -1.435e-16 -7.197e-17 -2.034e-17 -3.519e-18 -6.436e-19 -9.739e-18 
-0.01097 -0.007484 -0.1015 -0.1243 -3.653e-17 -0.05716 -0.0003958 2.288e-17 0.943 0.03018 6.022e-17 0.05139 0.03323 0.07406 -0.007558 -0.03822 -0.2698 -0.1539 -0.1305 
-0.01552 -0.01058 -0.1435 -0.1757 2.799e-17 -0.0003972 -0.05746 1.483e-16 0.03018 0.9642 1.801e-16 0.03324 0.07478 -0.2599 -0.1659 -0.152 -0.01662 -0.0623 -0.08661 
-1.441e-16 -1.027e-16 2.367e-17 -1.028e-17 -0.4869 4.072e-17 2.192e-16 0.193 6.022e-17 1.801e-16 0.5303 5.107e-17 5.508e-17 -4.287e-17 -7.916e-18 -1.529e-19 1.871e-17 1.946e-17 1.978e-18 
-0.003613 -0.002414 -0.07143 -0.1453 2.433e-17 -0.5134 0.006668 5.289e-17 0.05139 0.03324 5.107e-17 0.3184 0.04868 0.04459 -0.05875 -0.094 -0.1761 -0.01295 -0.07124 
-0.005109 -0.003413 -0.101 -0.2053 -5e-17 0.006665 -0.5087 1.047e-17 0.03323 0.07478 5.508e-17 0.04868 0.3528 -0.171 -0.03443 -0.1087 -0.01482 -0.06684 -0.1248 
-0.2348 -0.2376 -0.417 -0.3267 -1.804e-16 0.1115 -0.3627 -1.435e-16 0.07406 -0.2599 -4.287e-17 0.04459 -0.171 0.7472 -0.2466 -0.301 -0.04423 -0.1536 -0.1851 
-1.276 -1.184 -0.8253 -0.4902 -1.174e-16 0.07989 -0.3184 -7.197e-17 -0.007558 -0.1659 -7.916e-18 -0.05875 -0.03443 -0.2466 -0.216 -0.2724 -0.1535 -0.286 -0.2652 
-1.156 -1.073 -0.7623 -0.4211 -4.611e-17 0.01803 -0.1343 -2.034e-17 -0.03822 -0.152 -1.529e-19 -0.094 -0.1087 -0.301 -0.2724 -0.1842 -0.185 -0.2651 -0.2137 
-0.2344 -0.2372 -0.4168 -0.3266 -2.586e-17 -0.3789 -0.01546 -3.519e-18 -0.2698 -0.01662 1.871e-17 -0.1761 -0.01482 -0.04423 -0.1535 -0.185 0.7472 -0.2465 -0.301 
-1.276 -1.183 -0.825 -0.4901 -3.386e-17 -0.3268 -0.03058 -6.436e-19 -0.1539 -0.0623 1.946e-17 -0.01295 -0.06684 -0.1536 -0.286 -0.2651 -0.2465 -0.2159 -0.2724 
-1.156 -1.073 -0.7621 -0.4211 -3.075e-17 -0.1327 -0.02768 -9.739e-18 -0.1305 -0.08661 1.978e-18 -0.07124 -0.1248 -0.1851 -0.2652 -0.2137 -0.301 -0.2724 -0.1842 
#3   -72.032401504     
Fock matrix: 
-21.16 -25.2 -9.267 -4.007 -1.022e-16 0.02243 0.03169 -1.177e-16 0.008131 0.01149 -1.431e-16 0.001816 0.002565 -0.2904 -1.625 -1.473 -0.29 -1.625 -1.473 
-25.2 -20.02 -8.689 -3.845 -8.541e-17 0.0254 0.03589 -1.183e-16 0.004924 0.006955 -1.439e-16 0.000109 0.0001533 -0.2901 -1.568 -1.419 -0.2897 -1.567 -1.419 
-9.267 -8.689 -6.022 -3.823 -3.492e-17 -0.002372 -0.003423 -5.27e-17 -0.03476 -0.04925 -8.232e-17 -0.04883 -0.06907 -0.802 -1.857 -1.706 -0.8013 -1.857 -1.705 
-4.007 -3.845 -3.823 -2.871 -2.539e-17 -0.02959 -0.04186 -1.739e-17 -0.06394 -0.09049 -2.597e-17 -0.06612 -0.09351 -0.8298 -1.551 -1.501 -0.8294 -1.55 -1.501 
-1.022e-16 -8.541e-17 -3.492e-17 -2.539e-17 -0.9327 4.093e-17 -2.49e-17 -1.99 6.447e-17 -3.569e-17 -0.9389 6.478e-17 -2.197e-17 -4.519e-17 -3.719e-17 4.11e-19 4.176e-17 3.979e-17 2.567e-17 
0.02243 0.0254 -0.002372 -0.02959 4.093e-17 -1.034 0.05208 5.829e-17 -2.148 0.07967 6.297e-17 -1.074 0.06662 0.1994 0.1977 0.0458 -0.5565 -0.6048 -0.2148 
0.03169 0.03589 -0.003423 -0.04186 -2.49e-17 0.05208 -0.9969 -3.781e-17 0.07968 -2.092 -4.476e-17 0.06662 -1.027 -0.5202 -0.5717 -0.2116 0.015 -0.00374 -0.02722 
-1.177e-16 -1.183e-16 -5.27e-17 -1.739e-17 -1.99 5.829e-17 -3.781e-17 -1.395 8.715e-17 -5.269e-17 -1.021 1.038e-16 -4.538e-17 -7.67e-17 -6.259e-17 -3.729e-18 7.423e-17 7.943e-17 5.808e-17 
0.008131 0.004924 -0.03476 -0.06394 6.447e-17 -2.148 0.07968 8.715e-17 -1.689 0.1288 1.043e-16 -1.308 0.1184 0.3212 0.2816 0.06772 -0.8842 -0.8533 -0.3626 
0.01149 0.006955 -0.04925 -0.09049 -3.569e-17 0.07967 -2.092 -5.269e-17 0.1288 -1.598 -7.185e-17 0.1184 -1.225 -0.8247 -0.8056 -0.3607 0.02852 -0.002433 -0.05613 
-1.431e-16 -1.439e-16 -8.232e-17 -2.597e-17 -0.9389 6.297e-17 -4.476e-17 -1.021 1.043e-16 -7.185e-17 -0.6645 1.226e-16 -7.144e-17 -1.027e-16 -9.51e-17 -2.53e-17 9.15e-17 9.407e-17 6.64e-17 
0.001816 0.000109 -0.04883 -0.06612 6.478e-17 -1.074 0.06662 1.038e-16 -1.308 0.1184 1.226e-16 -1.003 0.1196 0.2901 0.2421 0.07688 -0.7863 -0.7075 -0.3637 
0.002565 0.0001533 -0.06907 -0.09351 -2.197e-17 0.06662 -1.027 -4.538e-17 0.1184 -1.225 -7.144e-17 0.1196 -0.9185 -0.7317 -0.6648 -0.3585 0.03021 0.007139 -0.04679 
-0.2904 -0.2901 -0.802 -0.8298 -4.519e-17 0.1994 -0.5202 -7.67e-17 0.3212 -0.8247 -1.027e-16 0.2901 -0.7317 -0.2592 -1.075 -0.7814 -0.01632 -0.2625 -0.4253 
-1.625 -1.568 -1.857 -1.551 -3.719e-17 0.1977 -0.5717 -6.259e-17 0.2816 -0.8056 -9.51e-17 0.2421 -0.6648 -1.075 -1.299 -1.091 -0.2625 -0.6824 -0.7955 
-1.473 -1.419 -1.706 -1.501 4.11e-19 0.0458 -0.2116 -3.729e-18 0.06772 -0.3607 -2.53e-17 0.07688 -0.3585 -0.7814 -1.091 -0.9904 -0.4252 -0.7953 -0.852 
-0.29 -0.2897 -0.8013 -0.8294 4.176e-17 -0.5565 0.015 7.423e-17 -0.8842 0.02852 9.15e-17 -0.7863 0.03021 -0.01632 -0.2625 -0.4252 -0.2585 -1.075 -0.7811 
-1.625 -1.567 -1.857 -1.55 3.979e-17 -0.6048 -0.00374 7.943e-17 -0.8533 -0.002433 9.407e-17 -0.7075 0.007139 -0.2625 -0.6824 -0.7953 -1.075 -1.298 -1.09 
-1.473 -1.419 -1.705 -1.501 2.567e-17 -0.2148 -0.02722 5.808e-17 -0.3626 -0.05613 6.64e-17 -0.3637 -0.04679 -0.4253 -0.7955 -0.852 -0.7811 -1.09 -0.9902 
#4   -70.473441531     
Fock matrix: 
-14.76 -19.51 -7.345 -3.191 -3.69e-16 -0.02414 -0.03413 -2.087e-16 -0.01078 -0.01524 -1.631e-16 -0.003719 -0.005258 -0.2393 -1.301 -1.178 -0.2389 -1.3 -1.178 
-19.51 -13.82 -6.459 -2.94 -2.347e-16 -0.02641 -0.03734 -1.172e-16 -0.00723 -0.01022 -1.251e-16 -0.002336 -0.003303 -0.2417 -1.211 -1.098 -0.2414 -1.21 -1.098 
-7.345 -6.459 -2.657 -1.691 1.179e-17 -0.05068 -0.07166 -4.984e-18 -0.09748 -0.1378 -8.364e-17 -0.06714 -0.09493 -0.4378 -0.8834 -0.8189 -0.4375 -0.883 -0.8187 
-3.191 -2.94 -1.691 -0.8908 1.318e-17 -0.03732 -0.05276 -2.093e-17 -0.1219 -0.1723 -7.643e-17 -0.1414 -0.1999 -0.3495 -0.5411 -0.472 -0.3493 -0.5409 -0.4719 
-3.69e-16 -2.347e-16 1.179e-17 1.318e-17 3.214 -9.985e-18 5.026e-17 -0.173 -2.644e-17 5.503e-17 -0.5386 -6.195e-18 -6.208e-18 -5.602e-17 -3.632e-17 -8.361e-18 1.016e-17 -1.331e-18 5.066e-20 
-0.02414 -0.02641 -0.05068 -0.03732 -9.985e-18 3.264 -0.02221 6.203e-18 -0.1683 -0.007126 1.695e-17 -0.5597 0.004632 0.1193 0.08722 0.01946 -0.4015 -0.3532 -0.1435 
-0.03413 -0.03734 -0.07166 -0.05276 5.026e-17 -0.02221 3.249 9.094e-17 -0.007125 -0.1734 1.1e-16 0.004634 -0.5564 -0.3839 -0.3438 -0.1453 -0.01512 -0.0321 -0.02999 
-2.087e-16 -1.172e-16 -4.984e-18 -2.093e-17 -0.173 6.203e-18 9.094e-17 0.9316 -7.176e-18 8.737e-17 0.1092 4.188e-18 9.034e-18 -5.889e-17 -4.919e-17 -2.468e-17 7.169e-18 -1.361e-17 -1.64e-17 
-0.01078 -0.00723 -0.09748 -0.1219 -2.644e-17 -0.1683 -0.007125 -7.176e-18 0.8034 0.02698 1.058e-17 -0.03178 0.03383 0.09029 0.008363 -0.03317 -0.3142 -0.2007 -0.1489 
-0.01524 -0.01022 -0.1378 -0.1723 5.503e-17 -0.007126 -0.1734 8.737e-17 0.02698 0.8224 1.115e-16 0.03384 -0.007958 -0.3013 -0.2099 -0.1696 -0.01508 -0.06192 -0.08772 
-1.631e-16 -1.251e-16 -8.364e-17 -7.643e-17 -0.5386 1.695e-17 1.1e-16 0.1092 1.058e-17 1.115e-16 0.4721 9.579e-18 3.691e-17 -2.838e-17 -4.27e-17 -4.034e-17 -6.346e-18 -3.554e-17 -3.977e-17 
-0.003719 -0.002336 -0.06714 -0.1414 -6.195e-18 -0.5597 0.004634 4.188e-18 -0.03178 0.03384 9.579e-18 0.2572 0.05082 0.05799 -0.04498 -0.08808 -0.2091 -0.04605 -0.08358 
-0.005258 -0.003303 -0.09493 -0.1999 -6.208e-18 0.004632 -0.5564 9.034e-18 0.03383 -0.007958 3.691e-17 0.05082 0.2931 -0.2013 -0.06467 -0.1197 -0.01226 -0.06391 -0.1229 
-0.2393 -0.2417 -0.4378 -0.3495 -5.602e-17 0.1193 -0.3839 -5.889e-17 0.09029 -0.3013 -2.838e-17 0.05799 -0.2013 0.7129 -0.2818 -0.3217 -0.04108 -0.1572 -0.1947 
-1.301 -1.211 -0.8834 -0.5411 -3.632e-17 0.08722 -0.3438 -4.919e-17 0.008363 -0.2099 -4.27e-17 -0.04498 -0.06467 -0.2818 -0.2624 -0.3055 -0.1572 -0.3038 -0.288 
-1.178 -1.098 -0.8189 -0.472 -8.361e-18 0.01946 -0.1453 -2.468e-17 -0.03317 -0.1696 -4.034e-17 -0.08808 -0.1197 -0.3217 -0.3055 -0.2122 -0.1946 -0.2879 -0.238 
-0.2389 -0.2414 -0.4375 -0.3493 1.016e-17 -0.4015 -0.01512 7.169e-18 -0.3142 -0.01508 -6.346e-18 -0.2091 -0.01226 -0.04108 -0.1572 -0.1946 0.7129 -0.2817 -0.3216 
-1.3 -1.21 -0.883 -0.5409 -1.331e-18 -0.3532 -0.0321 -1.361e-17 -0.2007 -0.06192 -3.554e-17 -0.04605 -0.06391 -0.1572 -0.3038 -0.2879 -0.2817 -0.2622 -0.3054 
-1.178 -1.098 -0.8187 -0.4719 5.066e-20 -0.1435 -0.02999 -1.64e-17 -0.1489 -0.08772 -3.977e-17 -0.08358 -0.1229 -0.1947 -0.288 -0.238 -0.3216 -0.3054 -0.2122 
#5   -73.1650520774    
DIIS coefs:  -1.01248394839 0 0 0 0 1
Fock matrix: 
-8.871 -14 -5.654 -2.461 2.534e-16 -0.02753 -0.03897 1.511e-16 -0.009902 -0.01429 5.007e-17 -0.002004 -0.003007 -0.1788 -0.9992 -0.9037 -0.1785 -0.9987 -0.9036 
-14 -8.836 -4.977 -2.307 -1.229e-16 -0.03762 -0.05207 1.039e-16 -0.01049 -0.01481 1.017e-16 -0.003063 -0.004544 -0.1915 -0.9528 -0.8633 -0.1913 -0.9522 -0.8632 
-5.654 -4.977 -1.468 -0.7736 1.159e-15 -0.04254 -0.06337 5.934e-16 -0.06842 -0.09842 3.52e-17 -0.03605 -0.0509 -0.1732 -0.3848 -0.3505 -0.1724 -0.3851 -0.3506 
-2.461 -2.307 -0.7736 -0.2652 1.241e-15 -0.02575 -0.03972 5.097e-16 -0.1011 -0.1447 -1.137e-17 -0.1209 -0.171 -0.2 -0.2271 -0.1902 -0.2004 -0.227 -0.1903 
2.534e-16 -1.229e-16 1.159e-15 1.241e-15 3.864 -6.06e-16 -1.035e-15 0.4613 -5.717e-16 -4.335e-16 -0.07716 -2.531e-16 -2.565e-16 -1.282e-16 2.817e-16 3.303e-16 -6.378e-17 3.015e-16 3.682e-16 
-0.02753 -0.03762 -0.04254 -0.02575 -6.06e-16 4.001 0.01767 -1.58e-16 0.4677 0.01816 2.477e-17 -0.05322 0.00355 0.012 -0.0002167 -0.005834 -0.04466 -0.01291 0.00112 
-0.03897 -0.05207 -0.06337 -0.03972 -1.035e-15 0.01767 4.004 -3.472e-16 0.01743 0.4775 -4.16e-17 0.001745 -0.05158 -0.04428 -0.01648 -0.0023 0.003014 -0.009916 -0.007294 
1.511e-16 1.039e-16 5.934e-16 5.097e-16 0.4613 -1.58e-16 -3.472e-16 1.6 -1.7e-16 -1.037e-16 0.4897 -9.309e-17 -8.241e-17 -5.513e-17 1.175e-16 1.203e-16 -3.962e-17 1.185e-16 1.318e-16 
-0.009902 -0.01049 -0.06842 -0.1011 -5.717e-16 0.4677 0.01743 -1.7e-16 1.477 0.03003 3.772e-17 0.3954 0.01945 -0.004598 -0.0707 -0.05465 -0.03415 0.07635 -0.03644 
-0.01429 -0.01481 -0.09842 -0.1447 -4.335e-16 0.01816 0.4775 -1.037e-16 0.03003 1.497 1.851e-17 0.01864 0.4087 -0.03823 0.05461 -0.05872 -0.01458 -0.05043 -0.07168 
5.007e-17 1.017e-16 3.52e-17 -1.137e-17 -0.07716 2.477e-17 -4.16e-17 0.4897 3.772e-17 1.851e-17 0.5784 2.459e-17 4.688e-17 4.749e-17 4.495e-17 3.761e-17 2.773e-17 2.924e-17 2.745e-17 
-0.002004 -0.003063 -0.03605 -0.1209 -2.531e-16 -0.05322 0.001745 -9.309e-17 0.3954 0.01864 2.459e-17 0.3942 0.03341 0.0226 -0.07369 -0.08917 -0.1349 0.03839 -0.05487 
-0.003007 -0.004544 -0.0509 -0.171 -2.565e-16 0.00355 -0.05158 -8.241e-17 0.01945 0.4087 4.688e-17 0.03341 0.4177 -0.1347 0.01453 -0.08987 -0.02488 -0.06429 -0.1143 
-0.1788 -0.1915 -0.1732 -0.2 -1.282e-16 0.012 -0.04428 -5.513e-17 -0.004598 -0.03823 4.749e-17 0.0226 -0.1347 0.7147 -0.2022 -0.2679 -0.03932 -0.1127 -0.1497 
-0.9992 -0.9528 -0.3848 -0.2271 2.817e-16 -0.0002167 -0.01648 1.175e-16 -0.0707 0.05461 4.495e-17 -0.07369 0.01453 -0.2022 -0.08326 -0.1682 -0.115 -0.1766 -0.1658 
-0.9037 -0.8633 -0.3505 -0.1902 3.303e-16 -0.005834 -0.0023 1.203e-16 -0.05465 -0.05872 3.761e-17 -0.08917 -0.08987 -0.2679 -0.1682 -0.09972 -0.1507 -0.165 -0.1289 
-0.1785 -0.1913 -0.1724 -0.2004 -6.378e-17 -0.04466 0.003014 -3.962e-17 -0.03415 -0.01458 2.773e-17 -0.1349 -0.02488 -0.03932 -0.115 -0.1507 0.7133 -0.2032 -0.2689 
-0.9987 -0.9522 -0.3851 -0.227 3.015e-16 -0.01291 -0.009916 1.185e-16 0.07635 -0.05043 2.924e-17 0.03839 -0.06429 -0.1127 -0.1766 -0.165 -0.2032 -0.08292 -0.1681 
-0.9036 -0.8632 -0.3506 -0.1903 3.682e-16 0.00112 -0.007294 1.318e-16 -0.03644 -0.07168 2.745e-17 -0.05487 -0.1143 -0.1497 -0.1658 -0.1289 -0.2689 -0.1681 -0.09996 
#6   75.7032118239     
DIIS coefs:  -174.309761715 0 0 0 0 1
Fock matrix: 
-9.622 -14.63 -5.832 -2.538 3.436e-16 -0.0254 -0.03231 3.225e-16 -0.01733 -0.02056 1.492e-16 -0.005976 -0.007345 -0.1856 -1.032 -0.9326 -0.1861 -1.032 -0.9325 
-14.63 -9.488 -5.161 -2.371 -9.768e-16 0.002356 -0.005102 9.259e-17 -0.007578 -0.01017 2.28e-16 -0.008574 -0.01044 -0.1958 -0.9801 -0.8864 -0.1978 -0.9807 -0.8867 
-5.832 -5.161 -1.92 -1.114 4.598e-15 -0.1822 -0.2114 1.999e-15 -0.1287 -0.1593 3.82e-17 -0.02464 -0.03799 -0.2244 -0.5284 -0.4914 -0.2193 -0.5269 -0.4881 
-2.538 -2.371 -1.114 -0.5687 5.18e-15 -0.1906 -0.2156 2.036e-15 -0.1644 -0.2094 -1.321e-16 -0.09962 -0.1455 -0.245 -0.3504 -0.3162 -0.2387 -0.348 -0.3131 
3.436e-16 -9.768e-16 4.598e-15 5.18e-15 3.322 -6.887e-15 -8.232e-15 0.2229 -2.684e-15 -2.805e-15 -0.1562 9.34e-17 9.397e-17 1.478e-15 2.698e-15 2.493e-15 1.846e-15 2.808e-15 2.625e-15 
-0.0254 0.002356 -0.1822 -0.1906 -6.887e-15 3.706 0.2164 -2.307e-15 0.3284 0.07374 1.246e-17 -0.1183 -0.02403 -0.05524 -0.09599 -0.09894 -0.131 -0.1396 -0.09983 
-0.03231 -0.005102 -0.2114 -0.2156 -8.232e-15 0.2164 3.736 -3.052e-15 0.07665 0.3419 -2.065e-16 -0.02116 -0.1228 -0.1271 -0.1466 -0.1049 -0.08442 -0.1252 -0.1086 
3.225e-16 9.259e-17 1.999e-15 2.036e-15 0.2229 -2.307e-15 -3.052e-15 1.365 -5.338e-16 -5.978e-16 0.3718 2.389e-16 3.172e-16 6.891e-16 1.179e-15 1.004e-15 7.858e-16 1.204e-15 1.039e-15 
-0.01733 -0.007578 -0.1287 -0.1644 -2.684e-15 0.3284 0.07665 -5.338e-16 1.266 0.031 2.204e-16 0.2779 0.000406 -0.02129 -0.09822 -0.08515 -0.1089 -0.0169 -0.08912 
-0.02056 -0.01017 -0.1593 -0.2094 -2.805e-15 0.07374 0.3419 -5.978e-16 0.031 1.286 1.754e-16 0.001945 0.2884 -0.1082 -0.036 -0.1098 -0.05151 -0.09863 -0.1091 
1.492e-16 2.28e-16 3.82e-17 -1.321e-16 -0.1562 1.246e-17 -2.065e-16 0.3718 2.204e-16 1.754e-16 0.5024 1.203e-16 1.892e-16 2.29e-17 2.858e-17 1.766e-17 -4.083e-17 -1.101e-18 -5.197e-18 
-0.005976 -0.008574 -0.02464 -0.09962 9.34e-17 -0.1183 -0.02116 2.389e-16 0.2779 0.001945 1.203e-16 0.315 0.03221 0.04225 -0.05042 -0.07136 -0.1643 0.009072 -0.05836 
-0.007345 -0.01044 -0.03799 -0.1455 9.397e-17 -0.02403 -0.1228 3.172e-16 0.000406 0.2884 1.892e-16 0.03221 0.3404 -0.1576 -0.006618 -0.08877 -0.01299 -0.05038 -0.09866 
-0.1856 -0.1958 -0.2244 -0.245 1.478e-15 -0.05524 -0.1271 6.891e-16 -0.02129 -0.1082 2.29e-17 0.04225 -0.1576 0.6685 -0.2385 -0.2894 -0.02638 -0.1158 -0.1597 
-1.032 -0.9801 -0.5284 -0.3504 2.698e-15 -0.09599 -0.1466 1.179e-15 -0.09822 -0.036 2.858e-17 -0.05042 -0.006618 -0.2385 -0.1511 -0.2251 -0.1142 -0.2135 -0.2094 
-0.9326 -0.8864 -0.4914 -0.3162 2.493e-15 -0.09894 -0.1049 1.004e-15 -0.08515 -0.1098 1.766e-17 -0.07136 -0.08877 -0.2894 -0.2251 -0.1558 -0.1565 -0.2088 -0.178 
-0.1861 -0.1978 -0.2193 -0.2387 1.846e-15 -0.131 -0.08442 7.858e-16 -0.1089 -0.05151 -4.083e-17 -0.1643 -0.01299 -0.02638 -0.1142 -0.1565 0.6541 -0.2414 -0.2862 
-1.032 -0.9807 -0.5269 -0.348 2.808e-15 -0.1396 -0.1252 1.204e-15 -0.0169 -0.09863 -1.101e-18 0.009072 -0.05038 -0.1158 -0.2135 -0.2088 -0.2414 -0.1553 -0.2252 
-0.9325 -0.8867 -0.4881 -0.3131 2.625e-15 -0.09983 -0.1086 1.039e-15 -0.08912 -0.1091 -5.197e-18 -0.05836 -0.09866 -0.1597 -0.2094 -0.178 -0.2862 -0.2252 -0.1553 
#7   75.8674148909     
DIIS coefs:  128988.760165 0 0 0 0 1
Fock matrix: 
-18.99 -23.3 -8.755 -3.804 2.224e-14 0.02008 0.006639 -7.572e-14 0.00703 0.0004081 6.482e-15 0.001328 0.0009943 -0.2805 -1.547 -1.401 -0.2761 -1.546 -1.403 
-23.3 -18 -8.035 -3.568 7.169e-15 -0.01835 -0.0294 -7.92e-14 -0.008481 -0.0155 5.744e-15 -0.0005066 -0.001267 -0.2698 -1.454 -1.312 -0.2623 -1.452 -1.314 
-8.755 -8.035 -4.791 -2.951 -3.397e-14 0.05046 0.04986 -4.259e-14 0.004258 0.0081 -5.193e-15 -0.02317 -0.0197 -0.5662 -1.42 -1.354 -0.5971 -1.436 -1.353 
-3.804 -3.568 -2.951 -2.071 -2.019e-14 0.1127 0.1129 -1.385e-14 0.01706 0.02936 -6.812e-15 -0.05726 -0.03113 -0.5288 -1.092 -1.113 -0.6039 -1.138 -1.119 
2.224e-14 7.169e-15 -3.397e-14 -2.019e-14 0.4208 1.124e-14 1.215e-14 -1.329 7.351e-15 8.27e-15 -0.7343 2.946e-15 3.857e-15 -8.788e-16 -6.682e-15 -7.063e-15 -7.884e-16 -6.765e-15 -7.156e-15 
0.02008 -0.01835 0.05046 0.1127 1.124e-14 -0.05156 -0.4657 9.768e-15 -1.568 -0.2241 1.339e-15 -0.8274 -0.09056 0.1043 0.1435 0.09195 -0.399 -0.3938 -0.08969 
0.006639 -0.0294 0.04986 0.1129 1.215e-14 -0.4657 -0.09517 1.035e-14 -0.2155 -1.591 1.596e-15 -0.06459 -0.8435 -0.3784 -0.3766 -0.08626 -0.0193 0.00757 0.04372 
-7.572e-14 -7.92e-14 -4.259e-14 -1.385e-14 -1.329 9.768e-15 1.035e-14 -0.6755 3.84e-15 3.409e-15 -0.6629 1.211e-14 1.559e-14 -1.953e-15 4.747e-15 6.638e-15 6.868e-15 6.371e-15 5.445e-15 
0.00703 -0.008481 0.004258 0.01706 7.351e-15 -1.568 -0.2155 3.84e-15 -0.8473 -0.06736 4.019e-15 -0.7661 0.005165 0.1455 0.1572 0.07353 -0.5682 -0.4976 -0.2006 
0.0004081 -0.0155 0.0081 0.02936 8.27e-15 -0.2241 -1.591 3.409e-15 -0.06736 -0.8373 5.756e-15 0.02031 -0.732 -0.52 -0.4426 -0.1732 -0.02681 0.003221 0.01355 
6.482e-15 5.744e-15 -5.193e-15 -6.812e-15 -0.7343 1.339e-15 1.596e-15 -0.6629 4.019e-15 5.756e-15 -0.3198 4.986e-16 8.375e-16 8.282e-16 -5.245e-15 -7.818e-15 -2.424e-15 -5.21e-15 -6.631e-15 
0.001328 -0.0005066 -0.02317 -0.05726 2.946e-15 -0.8274 -0.06459 1.211e-14 -0.7661 0.02031 4.986e-16 -0.494 0.009287 0.1568 0.09444 0.009063 -0.5199 -0.4206 -0.2294 
0.0009943 -0.001267 -0.0197 -0.03113 3.857e-15 -0.09056 -0.8435 1.559e-14 0.005165 -0.732 8.375e-16 0.009287 -0.439 -0.3609 -0.3087 -0.1794 -0.02595 -0.03112 -0.03225 
-0.2805 -0.2698 -0.5662 -0.5288 -8.788e-16 0.1043 -0.3784 -1.953e-15 0.1455 -0.52 8.282e-16 0.1568 -0.3609 0.2473 -0.5986 -0.5104 -0.05754 -0.2001 -0.2854 
-1.547 -1.454 -1.42 -1.092 -6.682e-15 0.1435 -0.3766 4.747e-15 0.1572 -0.4426 -5.245e-15 0.09444 -0.3087 -0.5986 -0.785 -0.7409 -0.2227 -0.5287 -0.588 
-1.401 -1.312 -1.354 -1.113 -7.063e-15 0.09195 -0.08626 6.638e-15 0.07353 -0.1732 -7.818e-15 0.009063 -0.1794 -0.5104 -0.7409 -0.6657 -0.3519 -0.6273 -0.6375 
-0.2761 -0.2623 -0.5971 -0.6039 -7.884e-16 -0.399 -0.0193 6.868e-15 -0.5682 -0.02681 -2.424e-15 -0.5199 -0.02595 -0.05754 -0.2227 -0.3519 0.02304 -0.809 -0.6343 
-1.546 -1.452 -1.436 -1.138 -6.765e-15 -0.3938 0.00757 6.371e-15 -0.4976 0.003221 -5.21e-15 -0.4206 -0.03112 -0.2001 -0.5287 -0.6273 -0.809 -0.931 -0.8114 
-1.403 -1.314 -1.353 -1.119 -7.156e-15 -0.08969 0.04372 5.445e-15 -0.2006 0.01355 -6.631e-15 -0.2294 -0.03225 -0.2854 -0.588 -0.6375 -0.6343 -0.8114 -0.6942 
#8   -61.3552573628    
DIIS coefs:  -1225144.45783 0 0 0 0 1
Fock matrix: 
-21.95 -25.22 -9.142 -3.987 -4.451e-14 0.1663 0.1617 7.196e-16 0.09399 0.08605 -3.738e-15 0.0498 0.01619 -0.2661 -1.619 -1.49 -0.3331 -1.611 -1.467 
-25.22 -20.17 -8.698 -3.835 -2.394e-14 0.05388 0.04136 -4.828e-15 0.01938 0.01409 -2.548e-15 0.01529 0.002314 -0.2772 -1.558 -1.414 -0.3003 -1.552 -1.405 
-9.142 -8.698 -6.1 -3.675 -3.085e-14 0.06228 0.01601 -3.836e-15 0.1036 0.01806 -8.898e-15 0.06663 -0.01591 -0.6336 -1.727 -1.627 -0.6457 -1.689 -1.596 
-3.987 -3.835 -3.675 -2.572 -2.142e-14 0.1209 0.1009 -3.821e-15 0.1411 0.05018 -1.025e-14 0.1085 -0.001374 -0.58 -1.31 -1.306 -0.5164 -1.232 -1.263 
-4.451e-14 -2.394e-14 -3.085e-14 -2.142e-14 -2.198 1.014e-14 1e-14 -2.443 1.368e-14 1.43e-14 -1.043 4.785e-15 1.747e-15 3.901e-15 -9.162e-15 -1.279e-14 -5.087e-15 -9.701e-15 -1.071e-14 
0.1663 0.05388 0.06228 0.1209 1.014e-14 -2.518 -0.3581 1.106e-14 -2.594 -0.1416 1.46e-15 -1.122 -0.06822 0.1298 0.1971 0.1161 -0.4548 -0.5123 -0.1222 
0.1617 0.04136 0.01601 0.1009 1e-14 -0.3581 -2.622 1.392e-14 -0.1514 -2.623 1.731e-15 -0.06852 -1.131 -0.4497 -0.4969 -0.116 -0.02265 -0.001103 0.04113 
7.196e-16 -4.828e-15 -3.836e-15 -3.821e-15 -2.443 1.106e-14 1.392e-14 -1.695 1.466e-16 3.895e-15 -1.105 3.209e-15 1.423e-14 -7.234e-15 4.609e-15 6.218e-15 9.394e-15 4.975e-15 1.931e-15 
0.09399 0.01938 0.1036 0.1411 1.368e-14 -2.594 -0.1514 1.466e-16 -1.792 -0.04639 4.932e-15 -1.157 0.01154 0.1894 0.2739 0.17 -0.5976 -0.5811 -0.1826 
0.08605 0.01409 0.01806 0.05018 1.43e-14 -0.1416 -2.623 3.895e-15 -0.04639 -1.807 7.707e-15 0.004655 -1.142 -0.6928 -0.6281 -0.212 -0.01176 0.01281 0.02752 
-3.738e-15 -2.548e-15 -8.898e-15 -1.025e-14 -1.043 1.46e-15 1.731e-15 -1.105 4.932e-15 7.707e-15 -0.6439 3.194e-15 3.185e-15 3.649e-15 -4.009e-15 -8.893e-15 -4.624e-15 -5.269e-15 -6.83e-15 
0.0498 0.01529 0.06663 0.1085 4.785e-15 -1.122 -0.06852 3.209e-15 -1.157 0.004655 3.194e-15 -0.7027 0.01918 0.1791 0.2009 0.1513 -0.3298 -0.32 -0.1216 
0.01619 0.002314 -0.01591 -0.001374 1.747e-15 -0.06822 -1.131 1.423e-14 0.01154 -1.142 3.185e-15 0.01918 -0.716 -0.4763 -0.4266 -0.1965 -0.02843 -0.005578 0.007172 
-0.2661 -0.2772 -0.6336 -0.58 3.901e-15 0.1298 -0.4497 -7.234e-15 0.1894 -0.6928 3.649e-15 0.1791 -0.4763 -0.02138 -0.7006 -0.5134 -0.03223 -0.2031 -0.2882 
-1.619 -1.558 -1.727 -1.31 -9.162e-15 0.1971 -0.4969 4.609e-15 0.2739 -0.6281 -4.009e-15 0.2009 -0.4266 -0.7006 -0.9626 -0.8466 -0.1944 -0.5649 -0.6425 
-1.49 -1.414 -1.627 -1.306 -1.279e-14 0.1161 -0.116 6.218e-15 0.17 -0.212 -8.893e-15 0.1513 -0.1965 -0.5134 -0.8466 -0.7597 -0.2686 -0.6153 -0.6632 
-0.3331 -0.3003 -0.6457 -0.5164 -5.087e-15 -0.4548 -0.02265 9.394e-15 -0.5976 -0.01176 -4.624e-15 -0.3298 -0.02843 -0.03223 -0.1944 -0.2686 0.3121 -0.4785 -0.3982 
-1.611 -1.552 -1.689 -1.232 -9.701e-15 -0.5123 -0.001103 4.975e-15 -0.5811 0.01281 -5.269e-15 -0.32 -0.005578 -0.2031 -0.5649 -0.6153 -0.4785 -0.7595 -0.722 
-1.467 -1.405 -1.596 -1.263 -1.071e-14 -0.1222 0.04113 1.931e-15 -0.1826 0.02752 -6.83e-15 -0.1216 0.007172 -0.2882 -0.6425 -0.6632 -0.3982 -0.722 -0.6572 
#9   10.9468206446     
DIIS coefs:  -313867601.484 0 0 0 0 1
Fock matrix: 
-19.99 -23.57 -8.656 -3.782 -4.802e-14 0.1787 0.1887 -4.537e-15 0.08073 0.08367 -3.386e-15 0.03629 0.02274 -0.2584 -1.534 -1.41 -0.2962 -1.533 -1.398 
-23.57 -18.66 -8.204 -3.618 -2.174e-14 0.04386 0.04322 -1.215e-14 -0.004651 -0.006138 -2.051e-15 -0.004979 0.003719 -0.2743 -1.471 -1.327 -0.2541 -1.469 -1.332 
-8.656 -8.204 -5.669 -3.413 -3.717e-14 0.01843 -0.01068 -1.43e-14 0.05109 0.01074 -1.178e-14 0.03318 -0.01253 -0.6008 -1.599 -1.503 -0.6148 -1.581 -1.484 
-3.782 -3.618 -3.413 -2.378 -2.295e-14 0.07602 0.06732 -1.392e-14 0.08655 0.03839 -1.409e-14 0.07404 0.006652 -0.5309 -1.193 -1.187 -0.5025 -1.15 -1.163 
-4.802e-14 -2.174e-14 -3.717e-14 -2.295e-14 -1.559 3.822e-17 -1.662e-15 -2.182 9.545e-15 1.119e-14 -0.9662 2.924e-15 1.219e-16 4.298e-15 -9.542e-15 -1.238e-14 -5.38e-15 -1.069e-14 -1.062e-14 
0.1787 0.04386 0.01843 0.07602 3.822e-17 -1.786 -0.2586 1.258e-14 -2.275 -0.07757 1.477e-15 -1.029 -0.0464 0.1316 0.1734 0.088 -0.438 -0.4895 -0.1314 
0.1887 0.04322 -0.01068 0.06732 -1.662e-15 -0.2586 -1.883 1.648e-14 -0.08998 -2.289 1.979e-15 -0.05481 -1.033 -0.415 -0.4636 -0.123 -0.02738 -0.01348 0.02295 
-4.537e-15 -1.215e-14 -1.43e-14 -1.392e-14 -2.182 1.258e-14 1.648e-14 -1.472 2.477e-15 5.053e-15 -1.008 5.061e-15 1.42e-14 -7.899e-15 -1.049e-15 -3.916e-16 8.032e-15 3.627e-16 -3.779e-15 
0.08073 -0.004651 0.05109 0.08655 9.545e-15 -2.275 -0.08998 2.477e-15 -1.551 -0.01301 4.546e-15 -1.054 0.01803 0.1726 0.2369 0.1322 -0.5968 -0.5626 -0.1918 
0.08367 -0.006138 0.01074 0.03839 1.119e-14 -0.07757 -2.289 5.053e-15 -0.01301 -1.545 7.84e-15 0.009703 -1.028 -0.6297 -0.5725 -0.2027 -0.009893 0.01051 0.0194 
-3.386e-15 -2.051e-15 -1.178e-14 -1.409e-14 -0.9662 1.477e-15 1.979e-15 -1.008 4.546e-15 7.84e-15 -0.5779 2.913e-15 4.273e-15 2.528e-15 -4.901e-15 -9.961e-15 -3.959e-15 -6.596e-15 -8.762e-15 
0.03629 -0.004979 0.03318 0.07404 2.924e-15 -1.029 -0.05481 5.061e-15 -1.054 0.009703 2.913e-15 -0.6222 0.01351 0.1586 0.1662 0.1208 -0.3573 -0.3047 -0.1169 
0.02274 0.003719 -0.01253 0.006652 1.219e-16 -0.0464 -1.033 1.42e-14 0.01803 -1.028 4.273e-15 0.01351 -0.6319 -0.4152 -0.361 -0.1617 -0.02183 -0.00353 0.01326 
-0.2584 -0.2743 -0.6008 -0.5309 4.298e-15 0.1316 -0.415 -7.899e-15 0.1726 -0.6297 2.528e-15 0.1586 -0.4152 0.1067 -0.5967 -0.4556 -0.04293 -0.186 -0.2564 
-1.534 -1.471 -1.599 -1.193 -9.542e-15 0.1734 -0.4636 -1.049e-15 0.2369 -0.5725 -4.901e-15 0.1662 -0.361 -0.5967 -0.8271 -0.7377 -0.1826 -0.5199 -0.5774 
-1.41 -1.327 -1.503 -1.187 -1.238e-14 0.088 -0.123 -3.916e-16 0.1322 -0.2027 -9.961e-15 0.1208 -0.1617 -0.4556 -0.7377 -0.6514 -0.2552 -0.5606 -0.5893 
-0.2962 -0.2541 -0.6148 -0.5025 -5.38e-15 -0.438 -0.02738 8.032e-15 -0.5968 -0.009893 -3.959e-15 -0.3573 -0.02183 -0.04293 -0.1826 -0.2552 0.2889 -0.4815 -0.3932 
-1.533 -1.469 -1.581 -1.15 -1.069e-14 -0.4895 -0.01348 3.627e-16 -0.5626 0.01051 -6.596e-15 -0.3047 -0.00353 -0.186 -0.5199 -0.5606 -0.4815 -0.7136 -0.6676 
-1.398 -1.332 -1.484 -1.163 -1.062e-14 -0.1314 0.02295 -3.779e-15 -0.1918 0.0194 -8.762e-15 -0.1169 0.01326 -0.2564 -0.5774 -0.5893 -0.3932 -0.6676 -0.5939 
#10  39.8424437523     
DIIS coefs:  -5462085666.56 0 0 0 0 1
Fock matrix: 
-18.98 -22.73 -8.413 -3.676 -4.217e-14 0.1558 0.1732 -5.055e-15 0.06464 0.07205 -2.898e-15 0.02909 0.0208 -0.2535 -1.491 -1.367 -0.2833 -1.49 -1.358 
-22.73 -17.9 -7.967 -3.515 -1.782e-14 0.02561 0.03305 -1.24e-14 -0.01387 -0.01378 -1.706e-15 -0.008304 0.001301 -0.2689 -1.429 -1.287 -0.2444 -1.428 -1.295 
-8.413 -7.967 -5.469 -3.294 -3.496e-14 -0.01358 -0.01814 -1.543e-14 0.006072 0.005774 -1.142e-14 0.002041 -0.01238 -0.5859 -1.54 -1.447 -0.6089 -1.542 -1.438 
-3.676 -3.515 -3.294 -2.298 -2.006e-14 0.04435 0.04945 -1.583e-14 0.02912 0.0259 -1.387e-14 0.02193 0.005748 -0.5139 -1.143 -1.138 -0.5269 -1.143 -1.136 
-4.217e-14 -1.782e-14 -3.496e-14 -2.006e-14 -1.239 -6.174e-15 -8.952e-15 -2.053 7.557e-15 1.069e-14 -0.9289 1.448e-15 -4.24e-16 4.88e-15 -8.032e-15 -1.038e-14 -4.39e-15 -9.665e-15 -9.154e-15 
0.1558 0.02561 -0.01358 0.04435 -6.174e-15 -1.414 -0.1932 1.257e-14 -2.116 -0.03836 1.365e-15 -0.9785 -0.03082 0.1334 0.1588 0.07034 -0.4294 -0.4819 -0.1401 
0.1732 0.03305 -0.01814 0.04945 -8.952e-15 -0.1932 -1.487 1.679e-14 -0.04914 -2.112 1.994e-15 -0.03937 -0.9774 -0.3952 -0.447 -0.1274 -0.02426 -0.01631 0.014 
-5.055e-15 -1.24e-14 -1.543e-14 -1.583e-14 -2.053 1.257e-14 1.679e-14 -1.368 3.232e-15 4.918e-15 -0.9647 6.432e-15 1.387e-14 -7.889e-15 -2.427e-15 -2.436e-15 5.896e-15 -6.12e-16 -4.853e-15 
0.06464 -0.01387 0.006072 0.02912 7.557e-15 -2.116 -0.04914 3.232e-15 -1.445 0.004377 4.964e-15 -1.015 0.02283 0.1652 0.2064 0.09731 -0.6152 -0.5846 -0.22 
0.07205 -0.01378 0.005774 0.0259 1.069e-14 -0.03836 -2.112 4.918e-15 0.004377 -1.424 8.608e-15 0.01718 -0.9745 -0.6038 -0.5495 -0.2025 -0.01216 0.007982 0.01333 
-2.898e-15 -1.706e-15 -1.142e-14 -1.387e-14 -0.9289 1.365e-15 1.994e-15 -0.9647 4.964e-15 8.608e-15 -0.5529 3.095e-15 5.101e-15 2.562e-15 -4.357e-15 -9.196e-15 -2.852e-15 -6.091e-15 -8.513e-15 
0.02909 -0.008304 0.002041 0.02193 1.448e-15 -0.9785 -0.03937 6.432e-15 -1.015 0.01718 3.095e-15 -0.6115 0.01399 0.1432 0.1361 0.08089 -0.4236 -0.353 -0.1548 
0.0208 0.001301 -0.01238 0.005748 -4.24e-16 -0.03082 -0.9774 1.387e-14 0.02283 -0.9745 5.101e-15 0.01399 -0.597 -0.3904 -0.334 -0.1486 -0.02145 -0.004928 0.01367 
-0.2535 -0.2689 -0.5859 -0.5139 4.88e-15 0.1334 -0.3952 -7.889e-15 0.1652 -0.6038 2.562e-15 0.1432 -0.3904 0.1704 -0.552 -0.4355 -0.04543 -0.1846 -0.2496 
-1.491 -1.429 -1.54 -1.143 -8.032e-15 0.1588 -0.447 -2.427e-15 0.2064 -0.5495 -4.357e-15 0.1361 -0.334 -0.552 -0.7658 -0.6872 -0.1834 -0.5089 -0.5537 
-1.367 -1.287 -1.447 -1.138 -1.038e-14 0.07034 -0.1274 -2.436e-15 0.09731 -0.2025 -9.196e-15 0.08089 -0.1486 -0.4355 -0.6872 -0.6017 -0.2691 -0.5556 -0.5686 
-0.2833 -0.2444 -0.6089 -0.5269 -4.39e-15 -0.4294 -0.02426 5.896e-15 -0.6152 -0.01216 -2.852e-15 -0.4236 -0.02145 -0.04543 -0.1834 -0.2691 0.1671 -0.5696 -0.4417 
-1.49 -1.428 -1.542 -1.143 -9.665e-15 -0.4819 -0.01631 -6.12e-16 -0.5846 0.007982 -6.091e-15 -0.353 -0.004928 -0.1846 -0.5089 -0.5556 -0.5696 -0.773 -0.6924 
-1.358 -1.295 -1.438 -1.136 -9.154e-15 -0.1401 0.014 -4.853e-15 -0.22 0.01333 -8.513e-15 -0.1548 0.01367 -0.2496 -0.5537 -0.5686 -0.4417 -0.6924 -0.602 
#11  54.3382171659     
DIIS coefs:  -4.30411174238e+12 0 0 0 0 1
Fock matrix: 
-18.45 -22.28 -8.284 -3.619 -3.657e-14 0.1357 0.1557 -4.714e-15 0.05344 0.06262 -2.485e-15 0.02417 0.01853 -0.2512 -1.468 -1.344 -0.2767 -1.468 -1.337 
-22.28 -17.49 -7.845 -3.462 -1.504e-14 0.01326 0.02416 -1.149e-14 -0.01772 -0.01671 -1.449e-15 -0.009076 -0.0003108 -0.2655 -1.409 -1.268 -0.2427 -1.407 -1.275 
-8.284 -7.845 -5.369 -3.235 -3.223e-14 -0.03115 -0.02227 -1.473e-14 -0.01986 -0.0003763 -1.073e-14 -0.01663 -0.015 -0.5787 -1.512 -1.42 -0.6076 -1.525 -1.417 
-3.619 -3.462 -3.235 -2.262 -1.744e-14 0.02556 0.03752 -1.6e-14 -0.007193 0.01162 -1.319e-14 -0.01355 -0.001213 -0.5115 -1.123 -1.116 -0.5477 -1.148 -1.127 
-3.657e-14 -1.504e-14 -3.223e-14 -1.744e-14 -1.073 -8.866e-15 -1.273e-14 -1.987 7.003e-15 1.216e-14 -0.91 8.354e-16 -4.565e-17 5.55e-15 -6.542e-15 -8.749e-15 -3.335e-15 -8.42e-15 -7.836e-15 
0.1357 0.01326 -0.03115 0.02556 -8.866e-15 -1.215 -0.1511 1.218e-14 -2.035 -0.01471 1.278e-15 -0.9506 -0.01964 0.1337 0.1509 0.06049 -0.4246 -0.4776 -0.145 
0.1557 0.02416 -0.02227 0.03752 -1.273e-14 -0.1511 -1.275 1.733e-14 -0.02602 -2.014 2.115e-15 -0.02793 -0.9449 -0.3836 -0.4392 -0.1306 -0.02043 -0.01678 0.008981 
-4.714e-15 -1.149e-14 -1.473e-14 -1.6e-14 -1.987 1.218e-14 1.733e-14 -1.316 3.274e-15 4.369e-15 -0.9438 6.882e-15 1.374e-14 -8.022e-15 -2.635e-15 -3.138e-15 4.181e-15 -1.098e-15 -5.169e-15 
0.05344 -0.01772 -0.01986 -0.007193 7.003e-15 -2.035 -0.02602 3.274e-15 -1.395 0.01231 5.256e-15 -0.9972 0.02481 0.1633 0.1878 0.07591 -0.6307 -0.6032 -0.2393 
0.06262 -0.01671 -0.0003763 0.01162 1.216e-14 -0.01471 -2.014 4.369e-15 0.01231 -1.366 9.731e-15 0.02219 -0.9476 -0.5962 -0.5432 -0.2069 -0.01474 0.00319 0.006058 
-2.485e-15 -1.449e-15 -1.073e-14 -1.319e-14 -0.91 1.278e-15 2.115e-15 -0.9438 5.256e-15 9.731e-15 -0.5427 3.289e-15 6.073e-15 2.832e-15 -3.6e-15 -8.338e-15 -2.076e-15 -5.438e-15 -8.006e-15 
0.02417 -0.009076 -0.01663 -0.01355 8.354e-16 -0.9506 -0.02793 6.882e-15 -0.9972 0.02219 3.289e-15 -0.6133 0.01645 0.1366 0.1183 0.05393 -0.4706 -0.3916 -0.1848 
0.01853 -0.0003108 -0.015 -0.001213 -4.565e-17 -0.01964 -0.9449 1.374e-14 0.02481 -0.9476 6.073e-15 0.01645 -0.5811 -0.3864 -0.3273 -0.147 -0.02219 -0.00757 0.01052 
-0.2512 -0.2655 -0.5787 -0.5115 5.55e-15 0.1337 -0.3836 -8.022e-15 0.1633 -0.5962 2.832e-15 0.1366 -0.3864 0.1907 -0.5412 -0.4327 -0.04572 -0.1871 -0.251 
-1.468 -1.409 -1.512 -1.123 -6.542e-15 0.1509 -0.4392 -2.635e-15 0.1878 -0.5432 -3.6e-15 0.1183 -0.3273 -0.5412 -0.7437 -0.6659 -0.186 -0.5066 -0.545 
-1.344 -1.268 -1.42 -1.116 -8.749e-15 0.06049 -0.1306 -3.138e-15 0.07591 -0.2069 -8.338e-15 0.05393 -0.147 -0.4327 -0.6659 -0.5802 -0.2819 -0.559 -0.5633 
-0.2767 -0.2427 -0.6076 -0.5477 -3.335e-15 -0.4246 -0.02043 4.181e-15 -0.6307 -0.01474 -2.076e-15 -0.4706 -0.02219 -0.04572 -0.186 -0.2819 0.07042 -0.6379 -0.4791 
-1.468 -1.407 -1.525 -1.148 -8.42e-15 -0.4776 -0.01678 -1.098e-15 -0.6032 0.00319 -5.438e-15 -0.3916 -0.00757 -0.1871 -0.5066 -0.559 -0.6379 -0.8233 -0.7176 
-1.337 -1.275 -1.417 -1.127 -7.836e-15 -0.145 0.008981 -5.169e-15 -0.2393 0.006058 -8.006e-15 -0.1848 0.01052 -0.251 -0.545 -0.5633 -0.4791 -0.7176 -0.6168 
#12  62.0432204923     
DIIS coefs:  3.20176742474e+12 0 0 0 0 1
Fock matrix: 
-22.73 -25.91 -9.258 -3.996 3.106e-14 -0.1102 -0.1429 4.376e-15 -0.03981 -0.05831 9.947e-16 -0.01895 -0.02064 -0.3059 -1.631 -1.47 -0.2854 -1.628 -1.473 
-25.91 -20.93 -8.96 -3.967 1.019e-14 -0.000561 -0.0304 8.085e-15 0.02687 0.007558 -1.211e-15 0.01935 -0.01363 -0.2947 -1.63 -1.484 -0.3074 -1.615 -1.468 
-9.258 -8.96 -6.329 -3.86 8.384e-15 0.07147 -0.004903 2.523e-14 0.05674 -0.1085 4.671e-15 0.02744 -0.115 -0.7228 -1.871 -1.747 -0.6721 -1.793 -1.701 
